Generation 50
Max fitness: 288
Genome of Most Fit Individual:[5, 3, 2, 0, 3, 0, 1, 1, 1, 2, 3, 5, 2, 2, 5, 4, 6, 3, 4, 1, 2, 1, 5, 6, 1, 4, 2, 4, 2, 1, 2, 2, 0, 2, 4, 5, 2, 6, 2, 2, 1, 0, 6, 6, 0, 4, 2, 2, 4, 5, 1, 0, 6, 1, 2, 1, 1, 1, 1, 3, 0, 6, 1, 0, 4, 6, 1, 4, 6, 6, 5, 5, 3, 4, 2, 4, 1, 4, 3, 3, 6, 6, 0, 6, 4, 5, 6, 2, 2, 4, 6, 5, 2, 6, 4, 1, 0, 2, 0, 5, 2, 2, 2, 0, 6, 4, 1, 5, 1, 2, 2, 3, 4, 3, 2, 1, 1, 0, 0, 0, 1, 6, 2, 2, 1, 4, 6, 6, 5, 4, 2, 2, 5, 5, 2, 6, 3, 2, 6, 5, 4, 2, 0, 3, 2, 5, 0, 1, 5, 5, 0, 5, 2, 4, 5, 0, 1, 0, 3, 0, 6, 1, 2, 4, 0, 0, 4, 1, 5, 3, 6, 4, 3, 0, 4, 1, 3, 1, 4, 1, 5, 4, 5, 2, 6, 0, 2, 4, 3, 6, 6, 6, 2, 0, 6, 5, 1, 4, 0, 5, 2, 3, 3, 3, 6, 0, 4, 3, 5, 2, 0, 4, 5, 5, 6, 2, 4, 1, 1, 3, 2, 0, 2, 2, 1, 5, 6, 1, 2, 0, 2, 1, 6, 5, 6, 3, 2, 5, 2, 6, 6, 6, 6]
Min fitness: -790
Mean fitness: 149.7
Stdev of fitness: 193.943832075
Mean diversity: 91.8
=========================================

Generation 100
Max fitness: 287
Genome of Most Fit Individual:[5, 6, 2, 1, 6, 0, 1, 4, 0, 1, 0, 5, 6, 4, 1, 4, 2, 1, 4, 6, 0, 1, 6, 1, 4, 3, 4, 4, 6, 2, 5, 2, 6, 3, 4, 6, 1, 3, 4, 5, 6, 2, 3, 6, 3, 0, 6, 5, 0, 5, 2, 0, 4, 6, 2, 6, 5, 2, 6, 2, 0, 6, 1, 1, 3, 1, 0, 3, 1, 4, 6, 4, 3, 5, 6, 1, 1, 1, 5, 4, 6, 6, 4, 6, 0, 6, 1, 6, 4, 4, 2, 6, 0, 4, 6, 5, 5, 0, 1, 4, 2, 2, 1, 4, 4, 2, 1, 5, 6, 0, 1, 1, 0, 0, 4, 5, 1, 0, 6, 3, 2, 0, 2, 2, 2, 6, 3, 6, 1, 5, 6, 1, 3, 6, 2, 6, 0, 2, 3, 5, 4, 5, 6, 0, 6, 5, 3, 1, 0, 1, 5, 5, 5, 6, 5, 5, 2, 2, 2, 6, 0, 2, 1, 4, 1, 6, 0, 2, 3, 3, 6, 0, 3, 5, 3, 1, 5, 2, 2, 1, 2, 2, 5, 5, 4, 2, 3, 5, 1, 6, 4, 3, 0, 6, 3, 6, 3, 0, 5, 3, 1, 6, 4, 6, 4, 0, 2, 0, 5, 1, 0, 2, 2, 1, 3, 5, 5, 0, 1, 4, 2, 4, 5, 1, 1, 6, 3, 5, 3, 6, 3, 1, 3, 5, 3, 0, 2, 0, 1, 3, 0, 6, 2]
Min fitness: -1078
Mean fitness: 93.32
Stdev of fitness: 255.329625386
Mean diversity: 111.8
=========================================

Generation 150
Max fitness: 277
Genome of Most Fit Individual:[5, 1, 2, 2, 2, 4, 4, 6, 1, 6, 3, 1, 6, 6, 2, 1, 3, 0, 3, 1, 6, 0, 6, 1, 4, 5, 1, 2, 5, 0, 1, 1, 6, 4, 3, 4, 6, 2, 2, 3, 1, 2, 5, 6, 1, 4, 5, 5, 1, 6, 5, 2, 1, 0, 3, 5, 5, 2, 1, 3, 6, 3, 2, 2, 1, 1, 2, 3, 5, 1, 5, 3, 4, 5, 2, 4, 5, 2, 5, 2, 3, 6, 0, 6, 0, 5, 2, 5, 3, 2, 2, 6, 4, 6, 2, 4, 2, 0, 0, 0, 5, 3, 1, 0, 4, 3, 1, 1, 2, 5, 1, 5, 6, 5, 4, 2, 1, 2, 1, 5, 1, 4, 4, 2, 0, 5, 3, 4, 2, 1, 3, 6, 3, 0, 5, 6, 3, 2, 4, 6, 5, 6, 6, 2, 0, 5, 0, 1, 0, 1, 4, 4, 5, 6, 1, 6, 4, 1, 5, 3, 5, 0, 3, 5, 6, 4, 2, 0, 2, 1, 2, 5, 0, 6, 3, 3, 1, 2, 5, 1, 2, 3, 3, 1, 0, 3, 3, 6, 5, 3, 3, 4, 4, 6, 0, 0, 1, 4, 1, 3, 4, 2, 1, 5, 3, 6, 0, 1, 0, 2, 1, 2, 2, 3, 4, 5, 0, 6, 1, 5, 6, 4, 3, 0, 6, 6, 4, 1, 1, 5, 1, 4, 0, 5, 3, 0, 1, 0, 2, 4, 2, 3, 1]
Min fitness: -1759
Mean fitness: -43.16
Stdev of fitness: 472.721159247
Mean diversity: 111.6
=========================================

Generation 200
Max fitness: 294
Genome of Most Fit Individual:[5, 0, 2, 0, 5, 2, 1, 4, 1, 0, 0, 6, 3, 0, 1, 5, 1, 6, 4, 4, 4, 0, 1, 1, 4, 0, 2, 1, 5, 2, 2, 3, 5, 2, 1, 3, 6, 1, 1, 6, 2, 3, 2, 2, 1, 2, 3, 2, 2, 5, 4, 1, 1, 3, 3, 6, 3, 2, 4, 6, 6, 3, 5, 0, 4, 6, 2, 6, 5, 1, 0, 2, 4, 1, 4, 6, 4, 5, 1, 3, 4, 6, 3, 6, 5, 6, 2, 5, 4, 5, 5, 5, 3, 6, 1, 6, 4, 3, 3, 2, 5, 4, 2, 0, 5, 1, 6, 0, 2, 3, 3, 0, 1, 6, 4, 5, 3, 5, 1, 6, 0, 5, 1, 3, 5, 5, 1, 1, 6, 5, 1, 6, 5, 3, 3, 6, 3, 1, 2, 6, 4, 0, 3, 5, 1, 5, 2, 5, 3, 3, 2, 2, 2, 1, 5, 5, 0, 6, 2, 5, 4, 5, 0, 5, 2, 4, 1, 0, 3, 0, 4, 2, 3, 2, 3, 3, 3, 1, 2, 6, 2, 0, 1, 6, 4, 3, 4, 0, 5, 2, 3, 5, 3, 3, 2, 0, 5, 4, 0, 0, 1, 4, 4, 1, 1, 0, 2, 5, 2, 6, 1, 3, 3, 3, 4, 3, 0, 3, 5, 6, 6, 4, 5, 4, 4, 5, 3, 5, 1, 0, 6, 2, 5, 4, 2, 2, 5, 4, 4, 6, 5, 0, 6]
Min fitness: -1104
Mean fitness: 61.54
Stdev of fitness: 316.058235773
Mean diversity: 142.0
=========================================

Generation 250
Max fitness: 277
Genome of Most Fit Individual:[5, 4, 2, 4, 6, 1, 1, 6, 5, 4, 0, 1, 4, 3, 3, 6, 6, 0, 4, 4, 6, 0, 4, 3, 3, 2, 4, 3, 5, 6, 2, 3, 1, 2, 6, 3, 5, 4, 1, 6, 5, 3, 3, 3, 3, 4, 4, 0, 6, 5, 5, 5, 1, 3, 4, 6, 3, 6, 2, 5, 3, 3, 2, 0, 5, 4, 5, 3, 1, 3, 0, 5, 3, 1, 6, 3, 6, 3, 1, 3, 3, 6, 4, 6, 5, 6, 2, 1, 6, 5, 5, 1, 6, 3, 5, 3, 1, 3, 5, 4, 5, 3, 6, 2, 2, 0, 1, 2, 2, 3, 6, 2, 4, 4, 0, 0, 3, 2, 6, 2, 0, 6, 2, 5, 4, 1, 3, 6, 6, 0, 5, 6, 4, 0, 4, 3, 1, 6, 6, 0, 4, 2, 3, 5, 3, 0, 2, 5, 5, 1, 1, 0, 6, 5, 4, 2, 6, 6, 6, 6, 1, 1, 1, 4, 0, 2, 6, 1, 5, 1, 3, 3, 0, 0, 3, 4, 2, 6, 2, 3, 2, 4, 0, 4, 4, 4, 3, 6, 5, 5, 0, 4, 5, 3, 4, 4, 2, 1, 5, 5, 1, 0, 6, 0, 5, 2, 2, 1, 6, 1, 0, 0, 1, 2, 5, 3, 3, 0, 6, 4, 2, 3, 2, 3, 2, 0, 4, 1, 6, 5, 4, 4, 6, 2, 1, 2, 2, 3, 4, 4, 3, 1, 5]
Min fitness: -990
Mean fitness: 31.24
Stdev of fitness: 245.994517012
Mean diversity: 130.0
=========================================

Generation 300
Max fitness: 284
Genome of Most Fit Individual:[5, 2, 2, 4, 6, 6, 1, 6, 5, 0, 0, 1, 0, 1, 1, 0, 4, 1, 4, 0, 4, 6, 6, 0, 2, 4, 3, 1, 3, 2, 2, 0, 1, 6, 1, 3, 0, 3, 1, 6, 3, 3, 6, 0, 5, 0, 5, 0, 4, 3, 2, 5, 3, 3, 3, 1, 0, 1, 4, 5, 5, 5, 4, 5, 0, 4, 2, 5, 3, 0, 4, 6, 6, 5, 6, 3, 6, 3, 1, 4, 3, 6, 6, 6, 1, 4, 6, 1, 3, 4, 6, 2, 6, 2, 2, 4, 1, 4, 2, 6, 2, 4, 6, 6, 6, 4, 5, 6, 2, 0, 4, 2, 0, 4, 2, 6, 2, 2, 5, 1, 3, 1, 3, 4, 5, 0, 3, 2, 0, 3, 2, 4, 0, 0, 5, 3, 4, 2, 2, 4, 0, 4, 6, 6, 3, 4, 5, 3, 0, 5, 0, 0, 4, 4, 3, 1, 3, 1, 0, 6, 3, 6, 1, 6, 4, 4, 2, 2, 1, 1, 1, 0, 0, 1, 0, 6, 5, 5, 0, 2, 0, 3, 3, 3, 2, 2, 3, 6, 2, 2, 3, 1, 5, 3, 4, 0, 6, 5, 4, 4, 4, 0, 2, 1, 5, 6, 2, 1, 1, 2, 5, 0, 5, 2, 5, 2, 2, 3, 1, 3, 2, 4, 6, 2, 2, 4, 4, 5, 1, 0, 1, 4, 6, 2, 6, 1, 3, 3, 4, 2, 5, 0, 0]
Min fitness: -926
Mean fitness: 122.78
Stdev of fitness: 241.256733792
Mean diversity: 140.2
=========================================

Generation 350
Max fitness: 282
Genome of Most Fit Individual:[5, 4, 2, 5, 3, 3, 1, 4, 2, 6, 2, 0, 4, 6, 5, 6, 6, 1, 4, 5, 6, 2, 1, 1, 5, 2, 2, 6, 6, 6, 2, 1, 6, 1, 2, 0, 6, 5, 5, 1, 3, 2, 4, 1, 6, 0, 0, 1, 2, 4, 0, 6, 4, 1, 3, 1, 0, 5, 5, 1, 4, 3, 3, 0, 5, 2, 4, 2, 5, 5, 0, 1, 2, 2, 4, 2, 4, 3, 1, 5, 2, 6, 4, 2, 5, 3, 1, 6, 2, 0, 0, 2, 2, 5, 1, 1, 5, 6, 0, 4, 6, 5, 1, 5, 2, 0, 1, 5, 6, 3, 0, 5, 0, 2, 3, 1, 0, 1, 1, 2, 5, 3, 0, 5, 6, 1, 1, 2, 2, 5, 0, 2, 6, 3, 4, 6, 1, 1, 5, 6, 2, 2, 0, 6, 4, 6, 1, 5, 3, 2, 0, 5, 2, 0, 3, 4, 1, 0, 2, 0, 1, 6, 4, 3, 6, 6, 5, 3, 1, 2, 6, 3, 0, 3, 4, 5, 4, 4, 0, 5, 2, 5, 3, 3, 6, 2, 2, 5, 3, 4, 6, 3, 0, 0, 0, 0, 4, 3, 0, 2, 4, 0, 2, 3, 5, 6, 4, 1, 5, 2, 1, 4, 1, 2, 0, 3, 3, 3, 3, 4, 6, 5, 0, 3, 6, 6, 0, 2, 6, 0, 1, 4, 3, 0, 6, 1, 1, 3, 6, 4, 6, 4, 1]
Min fitness: -1043
Mean fitness: 29.16
Stdev of fitness: 302.198303106
Mean diversity: 123.0
=========================================

Generation 400
Max fitness: 281
Genome of Most Fit Individual:[5, 0, 2, 4, 3, 0, 1, 4, 2, 5, 6, 3, 1, 2, 1, 4, 6, 1, 4, 0, 0, 0, 0, 1, 3, 6, 5, 6, 6, 0, 5, 1, 6, 4, 2, 1, 6, 0, 5, 0, 3, 2, 3, 1, 6, 3, 0, 2, 6, 4, 1, 5, 4, 1, 3, 4, 2, 3, 5, 4, 4, 3, 5, 0, 3, 0, 4, 6, 0, 0, 5, 1, 4, 2, 1, 1, 0, 4, 1, 0, 6, 6, 3, 6, 4, 3, 1, 4, 5, 6, 0, 3, 6, 4, 5, 3, 1, 6, 1, 4, 2, 2, 0, 5, 2, 1, 3, 0, 6, 6, 1, 5, 1, 4, 1, 2, 0, 4, 1, 0, 0, 4, 2, 5, 2, 2, 6, 2, 4, 4, 0, 3, 0, 1, 4, 6, 1, 2, 2, 1, 2, 2, 6, 5, 2, 4, 3, 0, 6, 3, 3, 6, 6, 4, 0, 2, 3, 0, 1, 1, 6, 2, 3, 3, 0, 3, 6, 6, 2, 2, 6, 3, 6, 0, 4, 4, 4, 2, 3, 5, 2, 1, 5, 3, 1, 4, 1, 6, 2, 3, 5, 5, 0, 2, 1, 2, 4, 0, 4, 3, 1, 3, 0, 2, 3, 1, 1, 1, 4, 4, 5, 3, 5, 1, 4, 2, 2, 0, 2, 0, 5, 6, 3, 1, 6, 0, 0, 0, 0, 2, 1, 6, 6, 0, 6, 4, 1, 5, 5, 0, 2, 4, 3]
Min fitness: -876
Mean fitness: 81.38
Stdev of fitness: 279.840589622
Mean diversity: 93.0
=========================================

Generation 450
Max fitness: 302
Genome of Most Fit Individual:[5, 5, 2, 4, 3, 3, 1, 0, 2, 5, 2, 6, 1, 2, 5, 6, 6, 1, 4, 2, 3, 0, 0, 1, 1, 6, 5, 5, 6, 0, 6, 1, 1, 4, 3, 6, 6, 1, 2, 6, 3, 2, 5, 3, 6, 5, 0, 2, 0, 0, 5, 0, 4, 5, 3, 3, 6, 6, 3, 3, 2, 6, 0, 2, 3, 2, 4, 6, 6, 0, 5, 5, 4, 5, 1, 1, 6, 1, 0, 2, 0, 6, 2, 6, 3, 1, 0, 1, 1, 1, 0, 0, 6, 2, 5, 2, 0, 6, 0, 4, 5, 1, 3, 0, 0, 1, 1, 4, 1, 6, 1, 5, 0, 4, 4, 2, 3, 1, 2, 0, 5, 3, 5, 1, 4, 6, 3, 3, 5, 0, 5, 3, 3, 6, 4, 6, 3, 3, 6, 1, 4, 5, 3, 0, 3, 5, 2, 6, 6, 3, 1, 4, 1, 3, 6, 0, 0, 5, 1, 5, 1, 1, 4, 3, 6, 0, 3, 6, 2, 2, 5, 4, 6, 4, 5, 0, 1, 0, 6, 5, 3, 1, 5, 4, 2, 1, 1, 4, 0, 3, 2, 3, 0, 5, 6, 2, 1, 3, 3, 6, 0, 4, 0, 0, 1, 3, 3, 0, 1, 3, 4, 5, 2, 4, 2, 4, 6, 0, 1, 3, 0, 5, 2, 1, 6, 6, 0, 0, 5, 4, 1, 5, 3, 4, 5, 4, 1, 6, 2, 1, 0, 4, 0]
Min fitness: -433
Mean fitness: 181.32
Stdev of fitness: 159.631255085
Mean diversity: 124.8
=========================================

Generation 500
Max fitness: 307
Genome of Most Fit Individual:[5, 4, 2, 2, 4, 3, 1, 1, 4, 5, 4, 6, 0, 2, 5, 3, 6, 6, 4, 5, 6, 3, 5, 1, 1, 2, 2, 4, 6, 3, 1, 1, 1, 2, 1, 6, 6, 1, 4, 6, 0, 4, 5, 0, 4, 0, 3, 2, 0, 4, 3, 1, 4, 6, 3, 0, 4, 6, 1, 3, 2, 0, 1, 6, 5, 1, 4, 0, 4, 0, 6, 4, 4, 5, 1, 5, 2, 1, 0, 4, 5, 6, 0, 6, 6, 6, 6, 3, 5, 6, 4, 1, 5, 0, 0, 3, 2, 2, 6, 4, 5, 2, 1, 2, 0, 3, 3, 2, 1, 2, 2, 2, 1, 3, 1, 6, 2, 0, 2, 5, 3, 4, 4, 5, 6, 0, 1, 5, 5, 2, 2, 0, 1, 1, 5, 6, 3, 3, 0, 1, 3, 4, 3, 4, 2, 5, 4, 1, 1, 3, 1, 4, 2, 4, 6, 3, 0, 1, 0, 4, 3, 5, 6, 4, 0, 4, 3, 6, 2, 2, 1, 0, 4, 4, 1, 4, 0, 2, 2, 5, 5, 5, 3, 3, 5, 4, 6, 4, 4, 0, 6, 3, 5, 5, 4, 5, 2, 1, 3, 3, 6, 6, 5, 2, 0, 3, 2, 0, 0, 4, 4, 5, 2, 4, 2, 3, 5, 5, 2, 2, 1, 2, 5, 3, 5, 1, 4, 0, 5, 0, 1, 1, 3, 3, 0, 5, 5, 6, 3, 2, 2, 0, 5]
Min fitness: -1407
Mean fitness: 28.6
Stdev of fitness: 380.73865052
Mean diversity: 101.6
=========================================

Generation 550
Max fitness: 264
Genome of Most Fit Individual:[5, 4, 2, 2, 3, 3, 1, 0, 3, 4, 2, 2, 2, 2, 4, 6, 5, 6, 4, 2, 0, 0, 5, 1, 1, 2, 1, 0, 5, 2, 1, 0, 6, 2, 1, 5, 0, 3, 6, 1, 3, 3, 1, 2, 4, 2, 0, 6, 1, 4, 0, 0, 5, 3, 3, 1, 4, 3, 4, 0, 6, 4, 4, 3, 5, 1, 4, 6, 2, 4, 1, 4, 4, 4, 2, 0, 2, 3, 3, 5, 6, 6, 1, 6, 0, 4, 1, 3, 5, 1, 4, 4, 3, 1, 1, 2, 4, 3, 3, 3, 5, 1, 1, 1, 0, 4, 3, 2, 4, 2, 5, 4, 0, 4, 2, 6, 6, 3, 6, 5, 6, 4, 2, 2, 5, 0, 6, 4, 3, 0, 0, 2, 5, 0, 4, 6, 0, 3, 1, 6, 6, 2, 6, 5, 2, 2, 0, 3, 4, 6, 5, 6, 2, 1, 0, 5, 6, 6, 5, 4, 4, 3, 1, 5, 6, 4, 0, 3, 5, 5, 1, 2, 0, 5, 1, 6, 1, 2, 1, 3, 5, 6, 3, 3, 4, 0, 1, 2, 1, 5, 6, 1, 5, 3, 3, 2, 2, 6, 3, 4, 0, 5, 5, 0, 0, 2, 0, 3, 1, 2, 5, 1, 1, 0, 2, 5, 6, 6, 2, 3, 1, 6, 1, 2, 0, 4, 5, 0, 2, 0, 1, 5, 2, 1, 1, 0, 1, 4, 4, 2, 1, 0, 4]
Min fitness: -482
Mean fitness: 73.22
Stdev of fitness: 170.417169323
Mean diversity: 110.6
=========================================

Generation 600
Max fitness: 293
Genome of Most Fit Individual:[5, 2, 2, 5, 0, 5, 1, 1, 5, 4, 6, 1, 4, 2, 0, 5, 2, 2, 1, 2, 2, 2, 5, 0, 1, 0, 4, 0, 6, 0, 5, 6, 1, 1, 1, 4, 4, 3, 0, 0, 1, 6, 3, 1, 4, 2, 2, 5, 6, 2, 2, 0, 1, 5, 3, 2, 3, 4, 3, 1, 1, 0, 6, 2, 4, 3, 4, 6, 3, 4, 5, 4, 4, 4, 1, 5, 4, 3, 5, 2, 1, 6, 5, 6, 2, 1, 3, 1, 0, 5, 1, 2, 3, 5, 2, 3, 4, 2, 6, 5, 3, 5, 6, 5, 5, 1, 4, 2, 2, 4, 3, 1, 2, 4, 4, 5, 0, 3, 2, 3, 4, 4, 0, 6, 2, 2, 6, 4, 4, 0, 2, 2, 4, 1, 2, 6, 1, 0, 4, 4, 5, 1, 0, 2, 4, 4, 2, 4, 5, 5, 1, 5, 6, 3, 6, 6, 6, 1, 3, 5, 4, 5, 6, 3, 3, 3, 1, 4, 5, 3, 4, 0, 6, 4, 0, 1, 0, 1, 3, 1, 6, 2, 6, 3, 2, 3, 5, 5, 6, 1, 0, 1, 2, 6, 2, 2, 2, 4, 2, 1, 6, 4, 1, 5, 1, 6, 3, 2, 5, 5, 4, 2, 6, 5, 2, 5, 2, 5, 0, 4, 6, 6, 3, 4, 3, 4, 3, 0, 6, 5, 1, 5, 3, 2, 0, 6, 2, 6, 0, 1, 2, 0, 0]
Min fitness: -1060
Mean fitness: 117.4
Stdev of fitness: 269.300946898
Mean diversity: 123.8
=========================================

Generation 650
Max fitness: 258
Genome of Most Fit Individual:[5, 0, 2, 5, 1, 5, 4, 0, 1, 4, 0, 1, 4, 6, 4, 3, 2, 0, 5, 5, 3, 5, 0, 4, 4, 3, 0, 1, 0, 1, 2, 2, 0, 0, 5, 3, 3, 4, 3, 5, 3, 1, 6, 2, 4, 1, 2, 3, 2, 4, 0, 6, 6, 0, 3, 6, 2, 4, 3, 2, 6, 4, 2, 3, 4, 2, 6, 2, 1, 5, 1, 1, 4, 2, 2, 1, 5, 0, 5, 1, 0, 6, 2, 6, 3, 4, 1, 6, 3, 1, 6, 1, 4, 1, 2, 6, 1, 2, 6, 1, 5, 3, 0, 6, 0, 0, 2, 5, 4, 2, 5, 5, 1, 0, 1, 6, 4, 0, 4, 4, 0, 4, 3, 0, 4, 3, 5, 4, 0, 0, 2, 2, 4, 1, 0, 6, 0, 3, 5, 0, 6, 2, 3, 6, 4, 3, 0, 4, 1, 5, 5, 3, 3, 4, 0, 0, 2, 0, 3, 3, 3, 3, 2, 4, 4, 0, 2, 3, 6, 1, 2, 3, 5, 5, 4, 3, 3, 0, 3, 1, 2, 2, 5, 1, 1, 4, 0, 1, 1, 3, 2, 2, 2, 6, 2, 3, 5, 3, 6, 1, 6, 1, 4, 5, 2, 0, 3, 1, 5, 5, 2, 6, 6, 2, 3, 4, 1, 4, 6, 4, 0, 6, 3, 4, 0, 3, 3, 4, 1, 2, 3, 6, 2, 2, 1, 6, 0, 1, 0, 5, 4, 2, 0]
Min fitness: -994
Mean fitness: 129.76
Stdev of fitness: 211.090175991
Mean diversity: 148.0
=========================================

Generation 700
Max fitness: 285
Genome of Most Fit Individual:[5, 6, 2, 5, 1, 1, 1, 4, 3, 1, 3, 6, 6, 6, 2, 3, 4, 5, 4, 3, 3, 1, 6, 0, 6, 3, 2, 1, 1, 0, 0, 6, 5, 6, 4, 1, 4, 2, 3, 4, 5, 0, 3, 0, 4, 2, 1, 1, 4, 5, 4, 5, 5, 6, 3, 2, 2, 6, 1, 5, 1, 1, 0, 3, 4, 1, 4, 6, 0, 6, 2, 2, 5, 6, 3, 1, 5, 0, 0, 5, 1, 6, 6, 6, 3, 3, 4, 1, 4, 1, 0, 0, 5, 3, 6, 2, 6, 2, 6, 1, 3, 4, 3, 5, 4, 1, 2, 1, 5, 4, 5, 3, 0, 4, 4, 6, 0, 3, 2, 6, 0, 6, 1, 4, 0, 2, 0, 6, 0, 1, 0, 1, 5, 4, 5, 6, 2, 6, 5, 1, 0, 3, 2, 6, 1, 3, 2, 3, 0, 5, 3, 3, 2, 1, 3, 4, 2, 1, 1, 0, 2, 6, 5, 1, 4, 5, 2, 1, 6, 5, 4, 6, 1, 5, 1, 0, 1, 0, 3, 5, 0, 4, 0, 2, 2, 3, 2, 4, 5, 2, 6, 6, 6, 0, 0, 2, 1, 2, 2, 0, 1, 6, 5, 1, 6, 5, 5, 1, 2, 2, 1, 5, 2, 1, 0, 1, 4, 3, 0, 5, 6, 0, 4, 1, 1, 5, 1, 1, 3, 6, 3, 6, 0, 4, 6, 2, 3, 5, 2, 3, 6, 6, 3]
Min fitness: -1579
Mean fitness: 101.04
Stdev of fitness: 365.770308254
Mean diversity: 98.8
=========================================

Generation 750
Max fitness: 285
Genome of Most Fit Individual:[5, 4, 2, 3, 3, 1, 1, 4, 5, 4, 3, 0, 2, 5, 0, 6, 3, 0, 4, 3, 1, 3, 2, 2, 4, 3, 1, 1, 1, 5, 2, 2, 1, 1, 2, 1, 5, 3, 3, 5, 5, 1, 4, 5, 4, 3, 1, 0, 1, 5, 2, 6, 1, 1, 3, 5, 4, 2, 0, 2, 1, 6, 0, 4, 0, 5, 4, 2, 1, 0, 3, 2, 5, 3, 3, 0, 6, 0, 6, 4, 3, 6, 5, 6, 2, 4, 4, 1, 1, 2, 5, 6, 6, 0, 2, 0, 2, 5, 5, 3, 2, 6, 1, 6, 0, 2, 0, 1, 3, 0, 5, 1, 3, 3, 2, 3, 2, 3, 4, 3, 2, 0, 5, 1, 2, 5, 2, 5, 4, 3, 5, 2, 1, 6, 5, 6, 0, 0, 6, 5, 2, 0, 6, 1, 4, 0, 4, 6, 3, 2, 0, 3, 3, 2, 2, 2, 1, 0, 2, 3, 5, 2, 1, 1, 2, 4, 6, 3, 6, 5, 1, 0, 2, 5, 1, 3, 0, 6, 2, 2, 6, 0, 4, 3, 3, 4, 6, 1, 5, 3, 3, 4, 0, 1, 4, 2, 6, 5, 2, 2, 6, 1, 3, 6, 0, 1, 0, 1, 0, 0, 0, 6, 6, 4, 0, 3, 1, 3, 2, 5, 6, 6, 2, 1, 4, 5, 5, 1, 6, 6, 4, 4, 1, 2, 2, 0, 2, 4, 2, 2, 6, 2, 0]
Min fitness: -1730
Mean fitness: 80.98
Stdev of fitness: 358.745062126
Mean diversity: 83.8
=========================================

Generation 800
Max fitness: 264
Genome of Most Fit Individual:[5, 1, 2, 3, 2, 5, 1, 0, 0, 3, 4, 6, 3, 0, 0, 6, 1, 1, 4, 2, 2, 6, 2, 1, 1, 4, 6, 0, 4, 6, 0, 6, 4, 3, 2, 5, 0, 0, 2, 1, 4, 6, 2, 5, 1, 3, 4, 2, 2, 5, 0, 0, 5, 4, 3, 1, 3, 6, 5, 2, 1, 4, 3, 0, 5, 1, 0, 3, 4, 6, 2, 4, 5, 2, 3, 1, 2, 0, 6, 3, 1, 6, 5, 6, 3, 3, 1, 2, 6, 6, 3, 5, 5, 1, 1, 6, 4, 2, 3, 6, 1, 2, 1, 5, 0, 2, 3, 5, 3, 6, 0, 1, 4, 1, 2, 2, 6, 1, 2, 5, 6, 6, 2, 3, 4, 0, 1, 1, 0, 3, 5, 4, 3, 0, 5, 6, 4, 5, 5, 3, 0, 4, 4, 0, 1, 1, 5, 3, 2, 4, 4, 5, 6, 4, 2, 1, 0, 2, 4, 2, 5, 0, 2, 2, 3, 4, 5, 1, 4, 4, 0, 0, 4, 1, 4, 3, 0, 1, 2, 2, 5, 4, 3, 0, 3, 6, 0, 6, 2, 3, 0, 1, 6, 0, 6, 1, 6, 0, 5, 4, 6, 0, 6, 6, 6, 5, 2, 5, 6, 2, 2, 1, 4, 4, 6, 2, 3, 3, 2, 1, 4, 6, 0, 2, 2, 2, 2, 5, 1, 2, 6, 6, 2, 5, 4, 4, 1, 4, 0, 2, 6, 5, 4]
Min fitness: -1447
Mean fitness: 41.34
Stdev of fitness: 345.106511674
Mean diversity: 66.4
=========================================

Generation 850
Max fitness: 278
Genome of Most Fit Individual:[5, 2, 3, 3, 1, 4, 1, 6, 1, 6, 5, 1, 3, 4, 0, 4, 2, 0, 4, 4, 1, 6, 3, 0, 6, 1, 5, 2, 2, 4, 5, 6, 4, 1, 2, 0, 0, 2, 6, 3, 3, 2, 1, 0, 4, 3, 0, 2, 3, 1, 2, 3, 6, 1, 3, 4, 3, 4, 5, 5, 2, 5, 4, 5, 3, 4, 1, 6, 2, 2, 1, 6, 3, 6, 5, 1, 0, 1, 5, 3, 6, 6, 6, 2, 6, 4, 1, 2, 4, 1, 5, 5, 1, 2, 1, 4, 2, 5, 0, 6, 0, 2, 2, 2, 6, 2, 2, 2, 5, 4, 0, 1, 4, 2, 3, 3, 1, 0, 2, 1, 5, 2, 3, 3, 0, 3, 4, 1, 4, 4, 2, 4, 3, 3, 3, 6, 4, 5, 1, 4, 1, 0, 4, 4, 0, 0, 3, 5, 2, 1, 3, 2, 3, 4, 4, 3, 1, 5, 1, 3, 2, 1, 4, 4, 0, 0, 5, 6, 5, 3, 4, 0, 4, 0, 0, 5, 2, 5, 6, 6, 3, 0, 4, 0, 2, 5, 1, 2, 2, 2, 0, 4, 4, 2, 2, 5, 2, 1, 5, 3, 2, 0, 2, 6, 6, 5, 4, 3, 1, 6, 0, 5, 5, 4, 6, 1, 5, 1, 0, 6, 3, 4, 4, 5, 5, 5, 2, 3, 1, 5, 0, 5, 2, 5, 1, 4, 3, 5, 0, 2, 6, 1, 3]
Min fitness: -683
Mean fitness: 131.26
Stdev of fitness: 230.4536231
Mean diversity: 108.0
=========================================

Generation 900
Max fitness: 290
Genome of Most Fit Individual:[5, 6, 2, 1, 0, 4, 1, 3, 1, 3, 5, 3, 4, 0, 5, 6, 4, 5, 4, 4, 1, 1, 5, 6, 3, 4, 2, 4, 2, 3, 5, 5, 2, 1, 5, 6, 0, 5, 2, 4, 5, 4, 1, 4, 2, 5, 0, 4, 0, 1, 5, 1, 4, 3, 3, 5, 5, 2, 5, 1, 6, 2, 4, 6, 1, 4, 6, 5, 5, 2, 6, 0, 3, 1, 3, 6, 5, 6, 4, 1, 1, 6, 5, 2, 6, 4, 4, 0, 6, 1, 1, 6, 6, 3, 1, 1, 5, 3, 6, 5, 0, 2, 5, 6, 6, 4, 6, 6, 2, 0, 1, 2, 4, 5, 6, 4, 1, 6, 0, 1, 2, 6, 1, 3, 0, 6, 5, 1, 5, 5, 6, 0, 3, 4, 3, 6, 0, 2, 4, 0, 1, 5, 0, 4, 1, 5, 1, 5, 1, 1, 1, 3, 4, 0, 0, 6, 6, 1, 1, 3, 4, 5, 2, 6, 6, 0, 1, 1, 5, 3, 3, 2, 1, 3, 6, 1, 0, 0, 2, 6, 6, 5, 1, 0, 1, 5, 4, 2, 1, 0, 6, 0, 2, 5, 2, 5, 6, 1, 3, 0, 0, 0, 1, 3, 3, 5, 2, 1, 3, 6, 2, 5, 4, 5, 5, 6, 2, 4, 1, 6, 4, 3, 2, 4, 0, 5, 1, 5, 1, 5, 5, 2, 5, 0, 0, 5, 0, 0, 6, 6, 0, 4, 1]
Min fitness: -940
Mean fitness: 131.86
Stdev of fitness: 228.025174926
Mean diversity: 116.8
=========================================

Generation 950
Max fitness: 302
Genome of Most Fit Individual:[5, 6, 2, 4, 3, 5, 1, 5, 3, 0, 1, 0, 4, 2, 5, 6, 1, 2, 4, 4, 1, 3, 3, 4, 2, 6, 4, 4, 2, 2, 3, 2, 3, 1, 5, 6, 0, 1, 2, 4, 5, 5, 5, 4, 2, 2, 2, 6, 5, 0, 2, 3, 4, 1, 3, 4, 2, 2, 4, 5, 1, 1, 0, 5, 2, 3, 6, 6, 5, 2, 3, 4, 3, 4, 1, 5, 0, 6, 4, 0, 0, 6, 6, 6, 1, 3, 1, 4, 5, 4, 0, 6, 1, 0, 4, 1, 4, 3, 2, 5, 3, 2, 2, 6, 5, 1, 6, 6, 2, 0, 1, 3, 1, 1, 0, 0, 6, 1, 4, 0, 5, 6, 3, 4, 4, 3, 3, 0, 0, 5, 6, 0, 1, 4, 3, 6, 0, 5, 4, 0, 3, 0, 3, 4, 2, 5, 0, 1, 5, 0, 1, 5, 6, 4, 4, 3, 3, 4, 4, 5, 1, 4, 6, 6, 1, 0, 1, 0, 4, 3, 1, 6, 6, 3, 6, 3, 1, 1, 4, 4, 4, 4, 6, 1, 0, 5, 4, 2, 5, 4, 1, 0, 4, 5, 0, 3, 5, 0, 0, 0, 0, 0, 5, 5, 5, 2, 5, 3, 0, 6, 2, 5, 3, 3, 1, 4, 5, 2, 2, 4, 6, 2, 2, 1, 5, 5, 5, 5, 5, 1, 6, 2, 3, 5, 2, 1, 2, 2, 6, 1, 5, 1, 5]
Min fitness: -990
Mean fitness: 46.38
Stdev of fitness: 317.164556027
Mean diversity: 83.8
=========================================

Most selected loci: [161]
Most diverse loci: [39, 91, 185]

Impossible loci: [0, 3, 6, 10, 13, 16, 20, 23, 26, 27, 30, 33, 37, 40, 43, 47, 50, 53, 54, 57, 60, 61, 62, 64, 67, 69, 70, 71, 74, 77, 78, 79, 80, 81, 84, 87, 91, 94, 97, 101, 104, 107, 108, 111, 114, 118, 121, 124, 128, 131, 134, 135, 138, 141, 142, 143, 145, 148, 150, 151, 152, 155, 158, 159, 160, 161, 162, 163, 164, 165, 166, 167, 168, 169, 170, 171, 172, 173, 174, 175, 176, 177, 178, 179, 180, 181, 182, 183, 184, 185, 186, 187, 188, 189, 190, 191, 192, 193, 194, 195, 196, 197, 198, 199, 200, 201, 202, 203, 204, 205, 206, 207, 208, 209, 210, 211, 212, 213, 214, 215, 216, 217, 218, 219, 220, 221, 222, 223, 224, 225, 226, 227, 228, 229, 230, 231, 232, 233, 234, 235, 236, 237, 238, 239, 240, 241, 242]
Loci involving a treasure on the current space: [82, 83, 85, 86, 88, 89, 90, 92, 93, 95, 96, 98, 99, 100, 102, 103, 105, 106, 109, 110, 112, 113, 115, 116, 117, 119, 120, 122, 123, 125, 126, 127, 129, 130, 132, 133, 136, 137, 139, 140, 144, 146, 147, 149, 153, 154, 156, 157]