0	0	NaN	NaN	NaN	NaN	NaN	NaN	NaN	NaN	NaN
256	inf	NaN	NaN	NaN	NaN	NaN	NaN	NaN	NaN	4.12310562562
64	inf	NaN	NaN	NaN	NaN	NaN	NaN	2.2360679775	NaN	NaN
128	inf	NaN	NaN	NaN	NaN	NaN	NaN	NaN	3.16227766017	NaN
1	inf	1.0	NaN	NaN	NaN	NaN	NaN	NaN	NaN	NaN
32	inf	NaN	NaN	NaN	NaN	NaN	1.41421356237	NaN	NaN	NaN
2	inf	NaN	2.0	NaN	NaN	NaN	NaN	NaN	NaN	NaN
16	inf	NaN	NaN	NaN	NaN	1.0	NaN	NaN	NaN	NaN
8	inf	NaN	NaN	NaN	4.0	NaN	NaN	NaN	NaN	NaN
4	inf	NaN	NaN	3.0	NaN	NaN	NaN	NaN	NaN	NaN
3	inf	3.0	2.0	NaN	NaN	NaN	NaN	NaN	NaN	NaN
5	inf	5.0	NaN	3.0	NaN	NaN	NaN	NaN	NaN	NaN
6	inf	NaN	4.0	3.0	NaN	NaN	NaN	NaN	NaN	NaN
9	inf	7.0	NaN	NaN	4.0	NaN	NaN	NaN	NaN	NaN
10	inf	NaN	6.0	NaN	4.0	NaN	NaN	NaN	NaN	NaN
12	inf	NaN	NaN	5.0	4.0	NaN	NaN	NaN	NaN	NaN
17	inf	2.41421356237	NaN	NaN	NaN	2.41421356237	NaN	NaN	NaN	NaN
18	inf	NaN	3.2360679775	NaN	NaN	4.2360679775	NaN	NaN	NaN	NaN
20	inf	NaN	NaN	4.16227766017	NaN	6.16227766017	NaN	NaN	NaN	NaN
24	inf	NaN	NaN	NaN	5.12310562562	8.12310562562	NaN	NaN	NaN	NaN
33	inf	2.41421356237	NaN	NaN	NaN	NaN	2.0	NaN	NaN	NaN
34	inf	NaN	2.82842712474	NaN	NaN	NaN	3.41421356237	NaN	NaN	NaN
36	inf	NaN	NaN	3.65028153987	NaN	NaN	5.2360679775	NaN	NaN	NaN
40	inf	NaN	NaN	NaN	4.57649122254	NaN	7.16227766017	NaN	NaN	NaN
48	inf	NaN	NaN	NaN	NaN	2.41421356237	2.0	NaN	NaN	NaN
65	inf	3.65028153987	NaN	NaN	NaN	NaN	NaN	2.41421356237	NaN	NaN
66	inf	NaN	3.2360679775	NaN	NaN	NaN	NaN	3.0	NaN	NaN
68	inf	NaN	NaN	3.65028153987	NaN	NaN	NaN	4.41421356237	NaN	NaN
72	inf	NaN	NaN	NaN	4.472135955	NaN	NaN	6.2360679775	NaN	NaN
80	inf	NaN	NaN	NaN	NaN	4.2360679775	NaN	3.0	NaN	NaN
96	inf	NaN	NaN	NaN	NaN	NaN	3.2360679775	2.41421356237	NaN	NaN
129	inf	5.39834563767	NaN	NaN	NaN	NaN	NaN	NaN	3.2360679775	NaN
130	inf	NaN	4.57649122254	NaN	NaN	NaN	NaN	NaN	3.41421356237	NaN
132	inf	NaN	NaN	4.16227766017	NaN	NaN	NaN	NaN	4.0	NaN
136	inf	NaN	NaN	NaN	4.57649122254	NaN	NaN	NaN	5.41421356237	NaN
144	inf	NaN	NaN	NaN	NaN	6.16227766017	NaN	NaN	4.0	NaN
160	inf	NaN	NaN	NaN	NaN	NaN	5.16227766017	NaN	3.41421356237	NaN
192	inf	NaN	NaN	NaN	NaN	NaN	NaN	4.16227766017	3.2360679775	NaN
257	inf	7.28538328579	NaN	NaN	NaN	NaN	NaN	NaN	NaN	4.16227766017
258	inf	NaN	6.35917360312	NaN	NaN	NaN	NaN	NaN	NaN	4.2360679775
260	inf	NaN	NaN	5.53731918799	NaN	NaN	NaN	NaN	NaN	4.41421356237
264	inf	NaN	NaN	NaN	5.12310562562	NaN	NaN	NaN	NaN	5.0
272	inf	NaN	NaN	NaN	NaN	8.12310562562	NaN	NaN	NaN	5.0
288	inf	NaN	NaN	NaN	NaN	NaN	7.12310562562	NaN	NaN	4.41421356237
320	inf	NaN	NaN	NaN	NaN	NaN	NaN	6.12310562562	NaN	4.2360679775
384	inf	NaN	NaN	NaN	NaN	NaN	NaN	NaN	5.12310562562	4.16227766017
7	inf	5.0	4.0	3.0	NaN	NaN	NaN	NaN	NaN	NaN
11	inf	7.0	6.0	NaN	4.0	NaN	NaN	NaN	NaN	NaN
13	inf	7.0	NaN	5.0	4.0	NaN	NaN	NaN	NaN	NaN
14	inf	NaN	6.0	5.0	4.0	NaN	NaN	NaN	NaN	NaN
19	inf	4.2360679775	3.41421356237	NaN	NaN	4.2360679775	NaN	NaN	NaN	NaN
21	inf	6.16227766017	NaN	4.41421356237	NaN	6.16227766017	NaN	NaN	NaN	NaN
22	inf	NaN	5.16227766017	4.2360679775	NaN	6.16227766017	NaN	NaN	NaN	NaN
25	inf	8.12310562562	NaN	NaN	5.41421356237	8.12310562562	NaN	NaN	NaN	NaN
26	inf	NaN	7.12310562562	NaN	5.2360679775	8.12310562562	NaN	NaN	NaN	NaN
28	inf	NaN	NaN	6.12310562562	5.16227766017	8.12310562562	NaN	NaN	NaN	NaN
35	inf	3.82842712474	3.41421356237	NaN	NaN	NaN	3.41421356237	NaN	NaN	NaN
37	inf	5.65028153987	NaN	4.2360679775	NaN	NaN	5.2360679775	NaN	NaN	NaN
38	inf	NaN	4.65028153987	3.82842712474	NaN	NaN	5.2360679775	NaN	NaN	NaN
41	inf	7.57649122254	NaN	NaN	5.16227766017	NaN	7.16227766017	NaN	NaN	NaN
42	inf	NaN	6.57649122254	NaN	4.82842712474	NaN	7.16227766017	NaN	NaN	NaN
44	inf	NaN	NaN	5.57649122254	4.65028153987	NaN	7.16227766017	NaN	NaN	NaN
49	inf	3.0	NaN	NaN	NaN	3.0	3.41421356237	NaN	NaN	NaN
50	inf	NaN	3.41421356237	NaN	NaN	4.41421356237	4.65028153987	NaN	NaN	NaN
52	inf	NaN	NaN	4.2360679775	NaN	6.2360679775	6.39834563767	NaN	NaN	NaN
56	inf	NaN	NaN	NaN	5.16227766017	8.16227766017	8.28538328579	NaN	NaN	NaN
67	inf	4.2360679775	3.41421356237	NaN	NaN	NaN	NaN	3.0	NaN	NaN
69	inf	5.65028153987	NaN	3.82842712474	NaN	NaN	NaN	4.41421356237	NaN	NaN
70	inf	NaN	4.65028153987	4.2360679775	NaN	NaN	NaN	4.41421356237	NaN	NaN
73	inf	7.472135955	NaN	NaN	4.65028153987	NaN	NaN	6.2360679775	NaN	NaN
74	inf	NaN	6.472135955	NaN	5.2360679775	NaN	NaN	6.2360679775	NaN	NaN
76	inf	NaN	NaN	5.472135955	4.65028153987	NaN	NaN	6.2360679775	NaN	NaN
81	inf	4.41421356237	NaN	NaN	NaN	4.41421356237	NaN	3.82842712474	NaN	NaN
82	inf	NaN	4.0	NaN	NaN	5.0	NaN	4.2360679775	NaN	NaN
84	inf	NaN	NaN	4.41421356237	NaN	6.41421356237	NaN	5.57649122254	NaN	NaN
88	inf	NaN	NaN	NaN	5.2360679775	8.2360679775	NaN	7.35917360312	NaN	NaN
97	inf	3.82842712474	NaN	NaN	NaN	NaN	3.41421356237	3.0	NaN	NaN
98	inf	NaN	3.41421356237	NaN	NaN	NaN	4.0	3.82842712474	NaN	NaN
100	inf	NaN	NaN	3.82842712474	NaN	NaN	5.41421356237	5.06449510224	NaN	NaN
104	inf	NaN	NaN	NaN	4.65028153987	NaN	7.2360679775	6.81255920004	NaN	NaN
112	inf	NaN	NaN	NaN	NaN	4.2360679775	4.0	3.0	NaN	NaN
131	inf	5.57649122254	4.65028153987	NaN	NaN	NaN	NaN	NaN	3.41421356237	NaN
133	inf	6.16227766017	NaN	4.2360679775	NaN	NaN	NaN	NaN	4.0	NaN
134	inf	NaN	5.16227766017	4.41421356237	NaN	NaN	NaN	NaN	4.0	NaN
137	inf	7.57649122254	NaN	NaN	4.65028153987	NaN	NaN	NaN	5.41421356237	NaN
138	inf	NaN	6.57649122254	NaN	4.82842712474	NaN	NaN	NaN	5.41421356237	NaN
140	inf	NaN	NaN	5.57649122254	5.16227766017	NaN	NaN	NaN	5.41421356237	NaN
145	inf	6.2360679775	NaN	NaN	NaN	6.2360679775	NaN	NaN	4.65028153987	NaN
146	inf	NaN	5.41421356237	NaN	NaN	6.41421356237	NaN	NaN	4.65028153987	NaN
148	inf	NaN	NaN	5.0	NaN	7.0	NaN	NaN	5.16227766017	NaN
152	inf	NaN	NaN	NaN	5.41421356237	8.41421356237	NaN	NaN	6.53731918799	NaN
161	inf	5.65028153987	NaN	NaN	NaN	NaN	5.2360679775	NaN	4.0	NaN
162	inf	NaN	4.82842712474	NaN	NaN	NaN	5.41421356237	NaN	4.24264068711	NaN
164	inf	NaN	NaN	4.41421356237	NaN	NaN	6.0	NaN	4.65028153987	NaN
168	inf	NaN	NaN	NaN	4.82842712474	NaN	7.41421356237	NaN	5.99070478491	NaN
176	inf	NaN	NaN	NaN	NaN	6.16227766017	6.0	NaN	4.0	NaN
193	inf	5.472135955	NaN	NaN	NaN	NaN	NaN	4.2360679775	3.41421356237	NaN
194	inf	NaN	4.65028153987	NaN	NaN	NaN	NaN	4.41421356237	4.0	NaN
196	inf	NaN	NaN	4.2360679775	NaN	NaN	NaN	5.0	4.65028153987	NaN
200	inf	NaN	NaN	NaN	4.65028153987	NaN	NaN	6.41421356237	5.88634951737	NaN
208	inf	NaN	NaN	NaN	NaN	6.16227766017	NaN	5.0	4.0	NaN
224	inf	NaN	NaN	NaN	NaN	NaN	5.16227766017	4.41421356237	3.41421356237	NaN
259	inf	7.35917360312	6.39834563767	NaN	NaN	NaN	NaN	NaN	NaN	4.2360679775
261	inf	7.53731918799	NaN	5.57649122254	NaN	NaN	NaN	NaN	NaN	4.41421356237
262	inf	NaN	6.53731918799	5.65028153987	NaN	NaN	NaN	NaN	NaN	4.41421356237
265	inf	8.12310562562	NaN	NaN	5.16227766017	NaN	NaN	NaN	NaN	5.0
266	inf	NaN	7.12310562562	NaN	5.2360679775	NaN	NaN	NaN	NaN	5.0
268	inf	NaN	NaN	6.12310562562	5.41421356237	NaN	NaN	NaN	NaN	5.0
273	inf	8.16227766017	NaN	NaN	NaN	8.16227766017	NaN	NaN	NaN	5.57649122254
274	inf	NaN	7.2360679775	NaN	NaN	8.2360679775	NaN	NaN	NaN	5.472135955
276	inf	NaN	NaN	6.41421356237	NaN	8.41421356237	NaN	NaN	NaN	5.57649122254
280	inf	NaN	NaN	NaN	6.0	9.0	NaN	NaN	NaN	6.12310562562
289	inf	7.57649122254	NaN	NaN	NaN	NaN	7.16227766017	NaN	NaN	5.0
290	inf	NaN	6.65028153987	NaN	NaN	NaN	7.2360679775	NaN	NaN	5.06449510224
292	inf	NaN	NaN	5.82842712474	NaN	NaN	7.41421356237	NaN	NaN	5.06449510224
296	inf	NaN	NaN	NaN	5.41421356237	NaN	8.0	NaN	NaN	5.57649122254
304	inf	NaN	NaN	NaN	NaN	8.12310562562	8.0	NaN	NaN	5.0
321	inf	7.39834563767	NaN	NaN	NaN	NaN	NaN	6.16227766017	NaN	4.41421356237
322	inf	NaN	6.472135955	NaN	NaN	NaN	NaN	6.2360679775	NaN	5.0
324	inf	NaN	NaN	5.65028153987	NaN	NaN	NaN	6.41421356237	NaN	5.06449510224
328	inf	NaN	NaN	NaN	5.2360679775	NaN	NaN	7.0	NaN	5.472135955
336	inf	NaN	NaN	NaN	NaN	8.12310562562	NaN	7.0	NaN	5.0
352	inf	NaN	NaN	NaN	NaN	NaN	7.12310562562	6.41421356237	NaN	4.41421356237
385	inf	7.32455532034	NaN	NaN	NaN	NaN	NaN	NaN	5.16227766017	4.2360679775
386	inf	NaN	6.39834563767	NaN	NaN	NaN	NaN	NaN	5.2360679775	4.41421356237
388	inf	NaN	NaN	5.57649122254	NaN	NaN	NaN	NaN	5.41421356237	5.0
392	inf	NaN	NaN	NaN	5.16227766017	NaN	NaN	NaN	6.0	5.57649122254
400	inf	NaN	NaN	NaN	NaN	8.12310562562	NaN	NaN	6.0	5.0
416	inf	NaN	NaN	NaN	NaN	NaN	7.12310562562	NaN	5.41421356237	4.41421356237
448	inf	NaN	NaN	NaN	NaN	NaN	NaN	6.12310562562	5.2360679775	4.2360679775
15	inf	7.0	6.0	5.0	4.0	NaN	NaN	NaN	NaN	NaN
23	inf	6.16227766017	5.41421356237	4.41421356237	NaN	6.16227766017	NaN	NaN	NaN	NaN
27	inf	8.12310562562	7.41421356237	NaN	5.41421356237	8.12310562562	NaN	NaN	NaN	NaN
29	inf	8.12310562562	NaN	6.41421356237	5.41421356237	8.12310562562	NaN	NaN	NaN	NaN
30	inf	NaN	7.12310562562	6.2360679775	5.2360679775	8.12310562562	NaN	NaN	NaN	NaN
39	inf	5.65028153987	5.2360679775	4.41421356237	NaN	NaN	5.2360679775	NaN	NaN	NaN
43	inf	7.57649122254	7.16227766017	NaN	5.41421356237	NaN	7.16227766017	NaN	NaN	NaN
45	inf	7.57649122254	NaN	6.16227766017	5.2360679775	NaN	7.16227766017	NaN	NaN	NaN
46	inf	NaN	6.57649122254	5.82842712474	4.82842712474	NaN	7.16227766017	NaN	NaN	NaN
51	inf	4.41421356237	4.0	NaN	NaN	4.41421356237	4.82842712474	NaN	NaN	NaN
53	inf	6.2360679775	NaN	5.0	NaN	6.2360679775	6.65028153987	NaN	NaN	NaN
54	inf	NaN	5.2360679775	4.41421356237	NaN	6.2360679775	6.472135955	NaN	NaN	NaN
57	inf	8.16227766017	NaN	NaN	6.0	8.16227766017	8.57649122254	NaN	NaN	NaN
58	inf	NaN	7.16227766017	NaN	5.41421356237	8.16227766017	8.39834563767	NaN	NaN	NaN
60	inf	NaN	NaN	6.16227766017	5.2360679775	8.16227766017	8.32455532034	NaN	NaN	NaN
71	inf	5.65028153987	4.82842712474	4.41421356237	NaN	NaN	NaN	4.41421356237	NaN	NaN
75	inf	7.472135955	6.65028153987	NaN	5.2360679775	NaN	NaN	6.2360679775	NaN	NaN
77	inf	7.472135955	NaN	5.65028153987	4.82842712474	NaN	NaN	6.2360679775	NaN	NaN
78	inf	NaN	6.472135955	6.2360679775	5.2360679775	NaN	NaN	6.2360679775	NaN	NaN
83	inf	5.0	4.82842712474	NaN	NaN	5.0	NaN	4.41421356237	NaN	NaN
85	inf	6.41421356237	NaN	5.24264068711	NaN	6.41421356237	NaN	5.82842712474	NaN	NaN
86	inf	NaN	5.41421356237	5.0	NaN	6.41421356237	NaN	5.65028153987	NaN	NaN
89	inf	8.2360679775	NaN	NaN	6.06449510224	8.2360679775	NaN	7.65028153987	NaN	NaN
90	inf	NaN	7.2360679775	NaN	6.0	8.2360679775	NaN	7.472135955	NaN	NaN
92	inf	NaN	NaN	6.2360679775	5.41421356237	8.2360679775	NaN	7.39834563767	NaN	NaN
99	inf	4.41421356237	4.0	NaN	NaN	NaN	4.0	4.41421356237	NaN	NaN
101	inf	5.82842712474	NaN	4.41421356237	NaN	NaN	5.41421356237	5.65028153987	NaN	NaN
102	inf	NaN	4.82842712474	4.41421356237	NaN	NaN	5.41421356237	5.24264068711	NaN	NaN
105	inf	7.65028153987	NaN	NaN	5.2360679775	NaN	7.2360679775	7.39834563767	NaN	NaN
106	inf	NaN	6.65028153987	NaN	5.41421356237	NaN	7.2360679775	7.06449510224	NaN	NaN
108	inf	NaN	NaN	5.65028153987	4.82842712474	NaN	7.2360679775	6.88634951737	NaN	NaN
113	inf	4.41421356237	NaN	NaN	NaN	4.41421356237	4.82842712474	4.41421356237	NaN	NaN
114	inf	NaN	4.0	NaN	NaN	5.0	5.2360679775	4.41421356237	NaN	NaN
116	inf	NaN	NaN	4.41421356237	NaN	6.41421356237	6.57649122254	5.65028153987	NaN	NaN
120	inf	NaN	NaN	NaN	5.2360679775	8.2360679775	8.35917360312	7.39834563767	NaN	NaN
135	inf	6.16227766017	5.2360679775	4.41421356237	NaN	NaN	NaN	NaN	4.0	NaN
139	inf	7.57649122254	6.65028153987	NaN	4.82842712474	NaN	NaN	NaN	5.41421356237	NaN
141	inf	7.57649122254	NaN	5.65028153987	5.2360679775	NaN	NaN	NaN	5.41421356237	NaN
142	inf	NaN	6.57649122254	5.82842712474	5.41421356237	NaN	NaN	NaN	5.41421356237	NaN
147	inf	6.41421356237	6.06449510224	NaN	NaN	6.41421356237	NaN	NaN	4.82842712474	NaN
149	inf	7.0	NaN	5.65028153987	NaN	7.0	NaN	NaN	5.41421356237	NaN
150	inf	NaN	6.0	5.65028153987	NaN	7.0	NaN	NaN	5.2360679775	NaN
153	inf	8.41421356237	NaN	NaN	6.06449510224	8.41421356237	NaN	NaN	6.82842712474	NaN
154	inf	NaN	7.41421356237	NaN	6.06449510224	8.41421356237	NaN	NaN	6.65028153987	NaN
156	inf	NaN	NaN	6.41421356237	6.0	8.41421356237	NaN	NaN	6.57649122254	NaN
163	inf	5.82842712474	5.41421356237	NaN	NaN	NaN	5.41421356237	NaN	4.82842712474	NaN
165	inf	6.41421356237	NaN	5.0	NaN	NaN	6.0	NaN	5.2360679775	NaN
166	inf	NaN	5.41421356237	5.24264068711	NaN	NaN	6.0	NaN	4.82842712474	NaN
169	inf	7.82842712474	NaN	NaN	5.41421356237	NaN	7.41421356237	NaN	6.57649122254	NaN
170	inf	NaN	6.82842712474	NaN	5.65685424948	NaN	7.41421356237	NaN	6.24264068711	NaN
172	inf	NaN	NaN	5.82842712474	5.41421356237	NaN	7.41421356237	NaN	6.06449510224	NaN
177	inf	6.2360679775	NaN	NaN	NaN	6.2360679775	6.65028153987	NaN	5.2360679775	NaN
178	inf	NaN	5.41421356237	NaN	NaN	6.41421356237	6.65028153987	NaN	4.82842712474	NaN
180	inf	NaN	NaN	5.0	NaN	7.0	7.16227766017	NaN	5.2360679775	NaN
184	inf	NaN	NaN	NaN	5.41421356237	8.41421356237	8.53731918799	NaN	6.57649122254	NaN
195	inf	5.65028153987	4.82842712474	NaN	NaN	NaN	NaN	4.41421356237	4.0	NaN
197	inf	6.2360679775	NaN	4.41421356237	NaN	NaN	NaN	5.0	4.82842712474	NaN
198	inf	NaN	5.2360679775	5.0	NaN	NaN	NaN	5.0	5.2360679775	NaN
201	inf	7.65028153987	NaN	NaN	4.82842712474	NaN	NaN	6.41421356237	6.06449510224	NaN
202	inf	NaN	6.65028153987	NaN	5.41421356237	NaN	NaN	6.41421356237	6.65028153987	NaN
204	inf	NaN	NaN	5.65028153987	5.2360679775	NaN	NaN	6.41421356237	6.06449510224	NaN
209	inf	6.2360679775	NaN	NaN	NaN	6.2360679775	NaN	5.65028153987	4.82842712474	NaN
210	inf	NaN	5.41421356237	NaN	NaN	6.41421356237	NaN	5.65028153987	5.2360679775	NaN
212	inf	NaN	NaN	5.0	NaN	7.0	NaN	6.16227766017	5.41421356237	NaN
216	inf	NaN	NaN	NaN	5.41421356237	8.41421356237	NaN	7.53731918799	6.65028153987	NaN
225	inf	5.65028153987	NaN	NaN	NaN	NaN	5.2360679775	5.0	4.0	NaN
226	inf	NaN	4.82842712474	NaN	NaN	NaN	5.41421356237	5.24264068711	4.82842712474	NaN
228	inf	NaN	NaN	4.41421356237	NaN	NaN	6.0	5.65028153987	4.82842712474	NaN
232	inf	NaN	NaN	NaN	4.82842712474	NaN	7.41421356237	6.99070478491	6.06449510224	NaN
240	inf	NaN	NaN	NaN	NaN	6.16227766017	6.0	5.0	4.0	NaN
263	inf	7.53731918799	6.57649122254	5.65028153987	NaN	NaN	NaN	NaN	NaN	4.41421356237
267	inf	8.12310562562	7.16227766017	NaN	5.2360679775	NaN	NaN	NaN	NaN	5.0
269	inf	8.12310562562	NaN	6.16227766017	5.41421356237	NaN	NaN	NaN	NaN	5.0
270	inf	NaN	7.12310562562	6.2360679775	5.41421356237	NaN	NaN	NaN	NaN	5.0
275	inf	8.2360679775	7.81255920004	NaN	NaN	8.2360679775	NaN	NaN	NaN	5.65028153987
277	inf	8.41421356237	NaN	6.99070478491	NaN	8.41421356237	NaN	NaN	NaN	5.82842712474
278	inf	NaN	7.41421356237	6.88634951737	NaN	8.41421356237	NaN	NaN	NaN	5.65028153987
281	inf	9.0	NaN	NaN	6.57649122254	9.0	NaN	NaN	NaN	6.41421356237
282	inf	NaN	8.0	NaN	6.472135955	9.0	NaN	NaN	NaN	6.2360679775
284	inf	NaN	NaN	7.0	6.57649122254	9.0	NaN	NaN	NaN	6.16227766017
291	inf	7.65028153987	7.2360679775	NaN	NaN	NaN	7.2360679775	NaN	NaN	5.65028153987
293	inf	7.82842712474	NaN	6.41421356237	NaN	NaN	7.41421356237	NaN	NaN	5.65028153987
294	inf	NaN	6.82842712474	6.47870866461	NaN	NaN	7.41421356237	NaN	NaN	5.24264068711
297	inf	8.41421356237	NaN	NaN	6.0	NaN	8.0	NaN	NaN	6.16227766017
298	inf	NaN	7.41421356237	NaN	6.06449510224	NaN	8.0	NaN	NaN	5.82842712474
300	inf	NaN	NaN	6.41421356237	6.06449510224	NaN	8.0	NaN	NaN	5.65028153987
305	inf	8.16227766017	NaN	NaN	NaN	8.16227766017	8.57649122254	NaN	NaN	6.16227766017
306	inf	NaN	7.2360679775	NaN	NaN	8.2360679775	8.472135955	NaN	NaN	5.65028153987
308	inf	NaN	NaN	6.41421356237	NaN	8.41421356237	8.57649122254	NaN	NaN	5.65028153987
312	inf	NaN	NaN	NaN	6.0	9.0	9.12310562562	NaN	NaN	6.16227766017
323	inf	7.472135955	6.65028153987	NaN	NaN	NaN	NaN	6.2360679775	NaN	5.0
325	inf	7.65028153987	NaN	5.82842712474	NaN	NaN	NaN	6.41421356237	NaN	5.24264068711
326	inf	NaN	6.65028153987	6.41421356237	NaN	NaN	NaN	6.41421356237	NaN	5.65028153987
329	inf	8.2360679775	NaN	NaN	5.41421356237	NaN	NaN	7.0	NaN	5.65028153987
330	inf	NaN	7.2360679775	NaN	6.0	NaN	NaN	7.0	NaN	6.2360679775
332	inf	NaN	NaN	6.2360679775	6.06449510224	NaN	NaN	7.0	NaN	5.65028153987
337	inf	8.16227766017	NaN	NaN	NaN	8.16227766017	NaN	7.57649122254	NaN	5.82842712474
338	inf	NaN	7.2360679775	NaN	NaN	8.2360679775	NaN	7.472135955	NaN	6.2360679775
340	inf	NaN	NaN	6.41421356237	NaN	8.41421356237	NaN	7.57649122254	NaN	5.82842712474
344	inf	NaN	NaN	NaN	6.0	9.0	NaN	8.12310562562	NaN	6.2360679775
353	inf	7.57649122254	NaN	NaN	NaN	NaN	7.16227766017	7.0	NaN	5.0
354	inf	NaN	6.65028153987	NaN	NaN	NaN	7.2360679775	7.06449510224	NaN	5.65028153987
356	inf	NaN	NaN	5.82842712474	NaN	NaN	7.41421356237	7.06449510224	NaN	5.24264068711
360	inf	NaN	NaN	NaN	5.41421356237	NaN	8.0	7.57649122254	NaN	5.65028153987
368	inf	NaN	NaN	NaN	NaN	8.12310562562	8.0	7.0	NaN	5.0
387	inf	7.39834563767	6.472135955	NaN	NaN	NaN	NaN	NaN	5.2360679775	4.41421356237
389	inf	7.57649122254	NaN	5.65028153987	NaN	NaN	NaN	NaN	5.41421356237	5.0
390	inf	NaN	6.57649122254	5.82842712474	NaN	NaN	NaN	NaN	5.41421356237	5.0
393	inf	8.16227766017	NaN	NaN	5.2360679775	NaN	NaN	NaN	6.0	5.65028153987
394	inf	NaN	7.16227766017	NaN	5.41421356237	NaN	NaN	NaN	6.0	5.82842712474
396	inf	NaN	NaN	6.16227766017	6.0	NaN	NaN	NaN	6.0	6.16227766017
401	inf	8.16227766017	NaN	NaN	NaN	8.16227766017	NaN	NaN	6.57649122254	5.65028153987
402	inf	NaN	7.2360679775	NaN	NaN	8.2360679775	NaN	NaN	6.472135955	5.65028153987
404	inf	NaN	NaN	6.41421356237	NaN	8.41421356237	NaN	NaN	6.57649122254	6.16227766017
408	inf	NaN	NaN	NaN	6.0	9.0	NaN	NaN	7.12310562562	6.41421356237
417	inf	7.57649122254	NaN	NaN	NaN	NaN	7.16227766017	NaN	6.0	5.0
418	inf	NaN	6.65028153987	NaN	NaN	NaN	7.2360679775	NaN	6.06449510224	5.24264068711
420	inf	NaN	NaN	5.82842712474	NaN	NaN	7.41421356237	NaN	6.06449510224	5.65028153987
424	inf	NaN	NaN	NaN	5.41421356237	NaN	8.0	NaN	6.57649122254	5.82842712474
432	inf	NaN	NaN	NaN	NaN	8.12310562562	8.0	NaN	6.0	5.0
449	inf	7.39834563767	NaN	NaN	NaN	NaN	NaN	6.16227766017	5.41421356237	4.41421356237
450	inf	NaN	6.472135955	NaN	NaN	NaN	NaN	6.2360679775	6.0	5.0
452	inf	NaN	NaN	5.65028153987	NaN	NaN	NaN	6.41421356237	6.06449510224	5.65028153987
456	inf	NaN	NaN	NaN	5.2360679775	NaN	NaN	7.0	6.472135955	5.65028153987
464	inf	NaN	NaN	NaN	NaN	8.12310562562	NaN	7.0	6.0	5.0
480	inf	NaN	NaN	NaN	NaN	NaN	7.12310562562	6.41421356237	5.41421356237	4.41421356237
31	inf	8.12310562562	7.41421356237	6.41421356237	5.41421356237	8.12310562562	NaN	NaN	NaN	NaN
47	inf	7.57649122254	7.16227766017	6.41421356237	5.41421356237	NaN	7.16227766017	NaN	NaN	NaN
55	inf	6.2360679775	6.0	5.0	NaN	6.2360679775	6.65028153987	NaN	NaN	NaN
59	inf	8.16227766017	8.0	NaN	6.0	8.16227766017	8.57649122254	NaN	NaN	NaN
61	inf	8.16227766017	NaN	7.0	6.0	8.16227766017	8.57649122254	NaN	NaN	NaN
62	inf	NaN	7.16227766017	6.41421356237	5.41421356237	8.16227766017	8.39834563767	NaN	NaN	NaN
79	inf	7.472135955	6.65028153987	6.2360679775	5.41421356237	NaN	NaN	6.2360679775	NaN	NaN
87	inf	6.41421356237	6.24264068711	5.82842712474	NaN	6.41421356237	NaN	5.82842712474	NaN	NaN
91	inf	8.2360679775	8.06449510224	NaN	6.65028153987	8.2360679775	NaN	7.65028153987	NaN	NaN
93	inf	8.2360679775	NaN	7.06449510224	6.24264068711	8.2360679775	NaN	7.65028153987	NaN	NaN
94	inf	NaN	7.2360679775	7.0	6.0	8.2360679775	NaN	7.472135955	NaN	NaN
103	inf	5.82842712474	5.41421356237	5.0	NaN	NaN	5.41421356237	5.82842712474	NaN	NaN
107	inf	7.65028153987	7.2360679775	NaN	6.0	NaN	7.2360679775	7.65028153987	NaN	NaN
109	inf	7.65028153987	NaN	6.2360679775	5.41421356237	NaN	7.2360679775	7.472135955	NaN	NaN
110	inf	NaN	6.65028153987	6.41421356237	5.41421356237	NaN	7.2360679775	7.06449510224	NaN	NaN
115	inf	5.0	5.41421356237	NaN	NaN	5.0	5.41421356237	5.0	NaN	NaN
117	inf	6.41421356237	NaN	5.82842712474	NaN	6.41421356237	6.82842712474	6.41421356237	NaN	NaN
118	inf	NaN	5.41421356237	5.0	NaN	6.41421356237	6.65028153987	5.82842712474	NaN	NaN
121	inf	8.2360679775	NaN	NaN	6.65028153987	8.2360679775	8.65028153987	8.2360679775	NaN	NaN
122	inf	NaN	7.2360679775	NaN	6.0	8.2360679775	8.472135955	7.65028153987	NaN	NaN
124	inf	NaN	NaN	6.2360679775	5.41421356237	8.2360679775	8.39834563767	7.472135955	NaN	NaN
143	inf	7.57649122254	6.65028153987	5.82842712474	5.41421356237	NaN	NaN	NaN	5.41421356237	NaN
151	inf	7.0	6.65028153987	5.82842712474	NaN	7.0	NaN	NaN	5.41421356237	NaN
155	inf	8.41421356237	8.06449510224	NaN	6.24264068711	8.41421356237	NaN	NaN	6.82842712474	NaN
157	inf	8.41421356237	NaN	7.06449510224	6.65028153987	8.41421356237	NaN	NaN	6.82842712474	NaN
158	inf	NaN	7.41421356237	7.06449510224	6.65028153987	8.41421356237	NaN	NaN	6.65028153987	NaN
167	inf	6.41421356237	6.0	5.82842712474	NaN	NaN	6.0	NaN	5.41421356237	NaN
171	inf	7.82842712474	7.41421356237	NaN	6.24264068711	NaN	7.41421356237	NaN	6.82842712474	NaN
173	inf	7.82842712474	NaN	6.41421356237	6.0	NaN	7.41421356237	NaN	6.65028153987	NaN
174	inf	NaN	6.82842712474	6.65685424948	6.24264068711	NaN	7.41421356237	NaN	6.24264068711	NaN
179	inf	6.41421356237	6.65028153987	NaN	NaN	6.41421356237	6.82842712474	NaN	5.41421356237	NaN
181	inf	7.0	NaN	6.2360679775	NaN	7.0	7.41421356237	NaN	6.0	NaN
182	inf	NaN	6.0	5.82842712474	NaN	7.0	7.2360679775	NaN	5.41421356237	NaN
185	inf	8.41421356237	NaN	NaN	6.65028153987	8.41421356237	8.82842712474	NaN	7.41421356237	NaN
186	inf	NaN	7.41421356237	NaN	6.24264068711	8.41421356237	8.65028153987	NaN	6.82842712474	NaN
188	inf	NaN	NaN	6.41421356237	6.0	8.41421356237	8.57649122254	NaN	6.65028153987	NaN
199	inf	6.2360679775	5.41421356237	5.0	NaN	NaN	NaN	5.0	5.41421356237	NaN
203	inf	7.65028153987	6.82842712474	NaN	5.41421356237	NaN	NaN	6.41421356237	6.65028153987	NaN
205	inf	7.65028153987	NaN	5.82842712474	5.41421356237	NaN	NaN	6.41421356237	6.24264068711	NaN
206	inf	NaN	6.65028153987	6.41421356237	6.0	NaN	NaN	6.41421356237	6.65028153987	NaN
211	inf	6.41421356237	6.24264068711	NaN	NaN	6.41421356237	NaN	5.82842712474	5.41421356237	NaN
213	inf	7.0	NaN	5.82842712474	NaN	7.0	NaN	6.41421356237	6.24264068711	NaN
214	inf	NaN	6.0	6.2360679775	NaN	7.0	NaN	6.2360679775	6.0	NaN
217	inf	8.41421356237	NaN	NaN	6.24264068711	8.41421356237	NaN	7.82842712474	7.47870866461	NaN
218	inf	NaN	7.41421356237	NaN	6.65028153987	8.41421356237	NaN	7.65028153987	7.41421356237	NaN
220	inf	NaN	NaN	6.41421356237	6.0	8.41421356237	NaN	7.57649122254	6.82842712474	NaN
227	inf	5.82842712474	5.41421356237	NaN	NaN	NaN	5.41421356237	5.82842712474	5.41421356237	NaN
229	inf	6.41421356237	NaN	5.0	NaN	NaN	6.0	6.2360679775	5.41421356237	NaN
230	inf	NaN	5.41421356237	5.82842712474	NaN	NaN	6.0	5.82842712474	5.41421356237	NaN
233	inf	7.82842712474	NaN	NaN	5.41421356237	NaN	7.41421356237	7.57649122254	6.65028153987	NaN
234	inf	NaN	6.82842712474	NaN	6.24264068711	NaN	7.41421356237	7.24264068711	6.82842712474	NaN
236	inf	NaN	NaN	5.82842712474	5.41421356237	NaN	7.41421356237	7.06449510224	6.24264068711	NaN
241	inf	6.2360679775	NaN	NaN	NaN	6.2360679775	6.65028153987	6.2360679775	5.41421356237	NaN
242	inf	NaN	5.41421356237	NaN	NaN	6.41421356237	6.65028153987	5.82842712474	5.41421356237	NaN
244	inf	NaN	NaN	5.0	NaN	7.0	7.16227766017	6.2360679775	5.41421356237	NaN
248	inf	NaN	NaN	NaN	5.41421356237	8.41421356237	8.53731918799	7.57649122254	6.65028153987	NaN
271	inf	8.12310562562	7.16227766017	6.2360679775	5.41421356237	NaN	NaN	NaN	NaN	5.0
279	inf	8.41421356237	7.99070478491	7.06449510224	NaN	8.41421356237	NaN	NaN	NaN	5.82842712474
283	inf	9.0	8.57649122254	NaN	6.65028153987	9.0	NaN	NaN	NaN	6.41421356237
285	inf	9.0	NaN	7.57649122254	6.82842712474	9.0	NaN	NaN	NaN	6.41421356237
286	inf	NaN	8.0	7.472135955	6.65028153987	9.0	NaN	NaN	NaN	6.2360679775
295	inf	7.82842712474	7.41421356237	7.06449510224	NaN	NaN	7.41421356237	NaN	NaN	5.82842712474
299	inf	8.41421356237	8.0	NaN	6.65028153987	NaN	8.0	NaN	NaN	6.41421356237
301	inf	8.41421356237	NaN	7.0	6.65028153987	NaN	8.0	NaN	NaN	6.2360679775
302	inf	NaN	7.41421356237	7.06449510224	6.24264068711	NaN	8.0	NaN	NaN	5.82842712474
307	inf	8.2360679775	8.39834563767	NaN	NaN	8.2360679775	8.65028153987	NaN	NaN	6.2360679775
309	inf	8.41421356237	NaN	7.57649122254	NaN	8.41421356237	8.82842712474	NaN	NaN	6.41421356237
310	inf	NaN	7.41421356237	7.06449510224	NaN	8.41421356237	8.65028153987	NaN	NaN	5.82842712474
313	inf	9.0	NaN	NaN	7.16227766017	9.0	9.41421356237	NaN	NaN	7.0
314	inf	NaN	8.0	NaN	6.65028153987	9.0	9.2360679775	NaN	NaN	6.41421356237
316	inf	NaN	NaN	7.0	6.65028153987	9.0	9.16227766017	NaN	NaN	6.2360679775
327	inf	7.65028153987	6.82842712474	6.41421356237	NaN	NaN	NaN	6.41421356237	NaN	5.82842712474
331	inf	8.2360679775	7.41421356237	NaN	6.0	NaN	NaN	7.0	NaN	6.2360679775
333	inf	8.2360679775	NaN	6.41421356237	6.24264068711	NaN	NaN	7.0	NaN	5.82842712474
334	inf	NaN	7.2360679775	7.0	6.65028153987	NaN	NaN	7.0	NaN	6.2360679775
339	inf	8.2360679775	8.06449510224	NaN	NaN	8.2360679775	NaN	7.65028153987	NaN	6.41421356237
341	inf	8.41421356237	NaN	7.24264068711	NaN	8.41421356237	NaN	7.82842712474	NaN	6.65685424948
342	inf	NaN	7.41421356237	7.65028153987	NaN	8.41421356237	NaN	7.65028153987	NaN	6.41421356237
345	inf	9.0	NaN	NaN	6.82842712474	9.0	NaN	8.41421356237	NaN	7.06449510224
346	inf	NaN	8.0	NaN	7.2360679775	9.0	NaN	8.2360679775	NaN	7.0
348	inf	NaN	NaN	7.0	6.82842712474	9.0	NaN	8.16227766017	NaN	6.41421356237
355	inf	7.65028153987	7.2360679775	NaN	NaN	NaN	7.2360679775	7.65028153987	NaN	6.2360679775
357	inf	7.82842712474	NaN	6.41421356237	NaN	NaN	7.41421356237	7.65028153987	NaN	5.82842712474
358	inf	NaN	6.82842712474	7.06449510224	NaN	NaN	7.41421356237	7.24264068711	NaN	5.82842712474
361	inf	8.41421356237	NaN	NaN	6.0	NaN	8.0	8.16227766017	NaN	6.2360679775
362	inf	NaN	7.41421356237	NaN	6.65028153987	NaN	8.0	7.82842712474	NaN	6.41421356237
364	inf	NaN	NaN	6.41421356237	6.24264068711	NaN	8.0	7.65028153987	NaN	5.82842712474
369	inf	8.16227766017	NaN	NaN	NaN	8.16227766017	8.57649122254	8.16227766017	NaN	6.41421356237
370	inf	NaN	7.2360679775	NaN	NaN	8.2360679775	8.472135955	7.65028153987	NaN	6.2360679775
372	inf	NaN	NaN	6.41421356237	NaN	8.41421356237	8.57649122254	7.65028153987	NaN	5.82842712474
376	inf	NaN	NaN	NaN	6.0	9.0	9.12310562562	8.16227766017	NaN	6.2360679775
391	inf	7.57649122254	6.65028153987	5.82842712474	NaN	NaN	NaN	NaN	5.41421356237	5.0
395	inf	8.16227766017	7.2360679775	NaN	5.41421356237	NaN	NaN	NaN	6.0	5.82842712474
397	inf	8.16227766017	NaN	6.2360679775	6.0	NaN	NaN	NaN	6.0	6.2360679775
398	inf	NaN	7.16227766017	6.41421356237	6.0	NaN	NaN	NaN	6.0	6.41421356237
403	inf	8.2360679775	7.88634951737	NaN	NaN	8.2360679775	NaN	NaN	6.65028153987	5.82842712474
405	inf	8.41421356237	NaN	7.06449510224	NaN	8.41421356237	NaN	NaN	6.82842712474	6.41421356237
406	inf	NaN	7.41421356237	7.06449510224	NaN	8.41421356237	NaN	NaN	6.65028153987	6.2360679775
409	inf	9.0	NaN	NaN	6.65028153987	9.0	NaN	NaN	7.41421356237	7.06449510224
410	inf	NaN	8.0	NaN	6.65028153987	9.0	NaN	NaN	7.2360679775	7.06449510224
412	inf	NaN	NaN	7.0	7.16227766017	9.0	NaN	NaN	7.16227766017	7.0
419	inf	7.65028153987	7.2360679775	NaN	NaN	NaN	7.2360679775	NaN	6.65028153987	5.82842712474
421	inf	7.82842712474	NaN	6.41421356237	NaN	NaN	7.41421356237	NaN	6.65028153987	6.2360679775
422	inf	NaN	6.82842712474	6.65685424948	NaN	NaN	7.41421356237	NaN	6.24264068711	5.82842712474
425	inf	8.41421356237	NaN	NaN	6.0	NaN	8.0	NaN	7.16227766017	6.41421356237
426	inf	NaN	7.41421356237	NaN	6.24264068711	NaN	8.0	NaN	6.82842712474	6.65685424948
428	inf	NaN	NaN	6.41421356237	6.65028153987	NaN	8.0	NaN	6.65028153987	6.41421356237
433	inf	8.16227766017	NaN	NaN	NaN	8.16227766017	8.57649122254	NaN	7.16227766017	6.2360679775
434	inf	NaN	7.2360679775	NaN	NaN	8.2360679775	8.472135955	NaN	6.65028153987	5.82842712474
436	inf	NaN	NaN	6.41421356237	NaN	8.41421356237	8.57649122254	NaN	6.65028153987	6.2360679775
440	inf	NaN	NaN	NaN	6.0	9.0	9.12310562562	NaN	7.16227766017	6.41421356237
451	inf	7.472135955	6.65028153987	NaN	NaN	NaN	NaN	6.2360679775	6.0	5.0
453	inf	7.65028153987	NaN	5.82842712474	NaN	NaN	NaN	6.41421356237	6.24264068711	5.82842712474
454	inf	NaN	6.65028153987	6.41421356237	NaN	NaN	NaN	6.41421356237	6.65028153987	6.2360679775
457	inf	8.2360679775	NaN	NaN	5.41421356237	NaN	NaN	7.0	6.65028153987	5.82842712474
458	inf	NaN	7.2360679775	NaN	6.0	NaN	NaN	7.0	7.2360679775	6.41421356237
460	inf	NaN	NaN	6.2360679775	6.65028153987	NaN	NaN	7.0	6.65028153987	6.2360679775
465	inf	8.16227766017	NaN	NaN	NaN	8.16227766017	NaN	7.57649122254	6.82842712474	5.82842712474
466	inf	NaN	7.2360679775	NaN	NaN	8.2360679775	NaN	7.472135955	7.2360679775	6.2360679775
468	inf	NaN	NaN	6.41421356237	NaN	8.41421356237	NaN	7.57649122254	6.82842712474	6.41421356237
472	inf	NaN	NaN	NaN	6.0	9.0	NaN	8.12310562562	7.2360679775	6.41421356237
481	inf	7.57649122254	NaN	NaN	NaN	NaN	7.16227766017	7.0	6.0	5.0
482	inf	NaN	6.65028153987	NaN	NaN	NaN	7.2360679775	7.06449510224	6.65028153987	5.82842712474
484	inf	NaN	NaN	5.82842712474	NaN	NaN	7.41421356237	7.06449510224	6.24264068711	5.82842712474
488	inf	NaN	NaN	NaN	5.41421356237	NaN	8.0	7.57649122254	6.65028153987	5.82842712474
496	inf	NaN	NaN	NaN	NaN	8.12310562562	8.0	7.0	6.0	5.0
63	inf	8.16227766017	8.0	7.0	6.0	8.16227766017	8.57649122254	NaN	NaN	NaN
95	inf	8.2360679775	8.06449510224	7.65028153987	6.82842712474	8.2360679775	NaN	7.65028153987	NaN	NaN
111	inf	7.65028153987	7.2360679775	7.0	6.0	NaN	7.2360679775	7.65028153987	NaN	NaN
119	inf	6.41421356237	6.82842712474	6.41421356237	NaN	6.41421356237	6.82842712474	6.41421356237	NaN	NaN
123	inf	8.2360679775	8.65028153987	NaN	7.2360679775	8.2360679775	8.65028153987	8.2360679775	NaN	NaN
125	inf	8.2360679775	NaN	7.65028153987	6.82842712474	8.2360679775	8.65028153987	8.2360679775	NaN	NaN
126	inf	NaN	7.2360679775	7.0	6.0	8.2360679775	8.472135955	7.65028153987	NaN	NaN
159	inf	8.41421356237	8.06449510224	7.24264068711	6.82842712474	8.41421356237	NaN	NaN	6.82842712474	NaN
175	inf	7.82842712474	7.41421356237	7.24264068711	6.82842712474	NaN	7.41421356237	NaN	6.82842712474	NaN
183	inf	7.0	7.2360679775	6.41421356237	NaN	7.0	7.41421356237	NaN	6.0	NaN
187	inf	8.41421356237	8.65028153987	NaN	6.82842712474	8.41421356237	8.82842712474	NaN	7.41421356237	NaN
189	inf	8.41421356237	NaN	7.65028153987	7.2360679775	8.41421356237	8.82842712474	NaN	7.41421356237	NaN
190	inf	NaN	7.41421356237	7.24264068711	6.82842712474	8.41421356237	8.65028153987	NaN	6.82842712474	NaN
207	inf	7.65028153987	6.82842712474	6.41421356237	6.0	NaN	NaN	6.41421356237	6.82842712474	NaN
215	inf	7.0	6.82842712474	6.41421356237	NaN	7.0	NaN	6.41421356237	6.82842712474	NaN
219	inf	8.41421356237	8.24264068711	NaN	6.82842712474	8.41421356237	NaN	7.82842712474	8.06449510224	NaN
221	inf	8.41421356237	NaN	7.24264068711	6.82842712474	8.41421356237	NaN	7.82842712474	7.65685424948	NaN
222	inf	NaN	7.41421356237	7.65028153987	7.2360679775	8.41421356237	NaN	7.65028153987	7.41421356237	NaN
231	inf	6.41421356237	6.0	6.41421356237	NaN	NaN	6.0	6.41421356237	6.0	NaN
235	inf	7.82842712474	7.41421356237	NaN	6.82842712474	NaN	7.41421356237	7.82842712474	7.41421356237	NaN
237	inf	7.82842712474	NaN	6.41421356237	6.0	NaN	7.41421356237	7.65028153987	6.82842712474	NaN
238	inf	NaN	6.82842712474	7.24264068711	6.82842712474	NaN	7.41421356237	7.24264068711	6.82842712474	NaN
243	inf	6.41421356237	6.82842712474	NaN	NaN	6.41421356237	6.82842712474	6.41421356237	6.0	NaN
245	inf	7.0	NaN	6.41421356237	NaN	7.0	7.41421356237	7.0	6.82842712474	NaN
246	inf	NaN	6.0	6.41421356237	NaN	7.0	7.2360679775	6.41421356237	6.0	NaN
249	inf	8.41421356237	NaN	NaN	6.82842712474	8.41421356237	8.82842712474	8.41421356237	8.06449510224	NaN
250	inf	NaN	7.41421356237	NaN	6.82842712474	8.41421356237	8.65028153987	7.82842712474	7.41421356237	NaN
252	inf	NaN	NaN	6.41421356237	6.0	8.41421356237	8.57649122254	7.65028153987	6.82842712474	NaN
287	inf	9.0	8.57649122254	7.65028153987	6.82842712474	9.0	NaN	NaN	NaN	6.41421356237
303	inf	8.41421356237	8.0	7.65028153987	6.82842712474	NaN	8.0	NaN	NaN	6.41421356237
311	inf	8.41421356237	8.57649122254	7.65028153987	NaN	8.41421356237	8.82842712474	NaN	NaN	6.41421356237
315	inf	9.0	9.16227766017	NaN	7.2360679775	9.0	9.41421356237	NaN	NaN	7.0
317	inf	9.0	NaN	8.16227766017	7.41421356237	9.0	9.41421356237	NaN	NaN	7.0
318	inf	NaN	8.0	7.65028153987	6.82842712474	9.0	9.2360679775	NaN	NaN	6.41421356237
335	inf	8.2360679775	7.41421356237	7.0	6.82842712474	NaN	NaN	7.0	NaN	6.41421356237
343	inf	8.41421356237	8.24264068711	7.82842712474	NaN	8.41421356237	NaN	7.82842712474	NaN	7.24264068711
347	inf	9.0	8.82842712474	NaN	7.41421356237	9.0	NaN	8.41421356237	NaN	7.65028153987
349	inf	9.0	NaN	7.82842712474	7.65685424948	9.0	NaN	8.41421356237	NaN	7.24264068711
350	inf	NaN	8.0	8.2360679775	7.41421356237	9.0	NaN	8.2360679775	NaN	7.0
359	inf	7.82842712474	7.41421356237	7.65028153987	NaN	NaN	7.41421356237	7.82842712474	NaN	6.41421356237
363	inf	8.41421356237	8.0	NaN	7.2360679775	NaN	8.0	8.41421356237	NaN	7.0
365	inf	8.41421356237	NaN	7.0	6.82842712474	NaN	8.0	8.2360679775	NaN	6.41421356237
366	inf	NaN	7.41421356237	7.65028153987	6.82842712474	NaN	8.0	7.82842712474	NaN	6.41421356237
371	inf	8.2360679775	8.65028153987	NaN	NaN	8.2360679775	8.65028153987	8.2360679775	NaN	7.0
373	inf	8.41421356237	NaN	7.82842712474	NaN	8.41421356237	8.82842712474	8.41421356237	NaN	7.24264068711
374	inf	NaN	7.41421356237	7.65028153987	NaN	8.41421356237	8.65028153987	7.82842712474	NaN	6.41421356237
377	inf	9.0	NaN	NaN	7.41421356237	9.0	9.41421356237	9.0	NaN	7.65028153987
378	inf	NaN	8.0	NaN	7.2360679775	9.0	9.2360679775	8.41421356237	NaN	7.0
380	inf	NaN	NaN	7.0	6.82842712474	9.0	9.16227766017	8.2360679775	NaN	6.41421356237
399	inf	8.16227766017	7.2360679775	6.41421356237	6.0	NaN	NaN	NaN	6.0	6.41421356237
407	inf	8.41421356237	8.06449510224	7.24264068711	NaN	8.41421356237	NaN	NaN	6.82842712474	6.41421356237
411	inf	9.0	8.65028153987	NaN	6.82842712474	9.0	NaN	NaN	7.41421356237	7.24264068711
413	inf	9.0	NaN	7.65028153987	7.41421356237	9.0	NaN	NaN	7.41421356237	7.65028153987
414	inf	NaN	8.0	7.65028153987	7.2360679775	9.0	NaN	NaN	7.2360679775	7.65028153987
423	inf	7.82842712474	7.41421356237	7.24264068711	NaN	NaN	7.41421356237	NaN	6.82842712474	6.41421356237
427	inf	8.41421356237	8.0	NaN	6.82842712474	NaN	8.0	NaN	7.41421356237	7.24264068711
429	inf	8.41421356237	NaN	7.0	7.2360679775	NaN	8.0	NaN	7.2360679775	7.0
430	inf	NaN	7.41421356237	7.24264068711	6.82842712474	NaN	8.0	NaN	6.82842712474	7.24264068711
435	inf	8.2360679775	8.472135955	NaN	NaN	8.2360679775	8.65028153987	NaN	7.2360679775	6.41421356237
437	inf	8.41421356237	NaN	7.65028153987	NaN	8.41421356237	8.82842712474	NaN	7.41421356237	7.0
438	inf	NaN	7.41421356237	7.24264068711	NaN	8.41421356237	8.65028153987	NaN	6.82842712474	6.41421356237
441	inf	9.0	NaN	NaN	7.2360679775	9.0	9.41421356237	NaN	8.0	7.65028153987
442	inf	NaN	8.0	NaN	6.82842712474	9.0	9.2360679775	NaN	7.41421356237	7.24264068711
444	inf	NaN	NaN	7.0	7.2360679775	9.0	9.16227766017	NaN	7.2360679775	7.0
455	inf	7.65028153987	6.82842712474	6.41421356237	NaN	NaN	NaN	6.41421356237	6.82842712474	6.41421356237
459	inf	8.2360679775	7.41421356237	NaN	6.0	NaN	NaN	7.0	7.2360679775	6.41421356237
461	inf	8.2360679775	NaN	6.41421356237	6.82842712474	NaN	NaN	7.0	6.82842712474	6.41421356237
462	inf	NaN	7.2360679775	7.0	7.2360679775	NaN	NaN	7.0	7.2360679775	7.0
467	inf	8.2360679775	8.06449510224	NaN	NaN	8.2360679775	NaN	7.65028153987	7.41421356237	6.41421356237
469	inf	8.41421356237	NaN	7.24264068711	NaN	8.41421356237	NaN	7.82842712474	7.65685424948	7.24264068711
470	inf	NaN	7.41421356237	7.65028153987	NaN	8.41421356237	NaN	7.65028153987	7.41421356237	7.0
473	inf	9.0	NaN	NaN	6.82842712474	9.0	NaN	8.41421356237	8.06449510224	7.24264068711
474	inf	NaN	8.0	NaN	7.2360679775	9.0	NaN	8.2360679775	8.0	7.65028153987
476	inf	NaN	NaN	7.0	7.41421356237	9.0	NaN	8.16227766017	7.41421356237	7.0
483	inf	7.65028153987	7.2360679775	NaN	NaN	NaN	7.2360679775	7.65028153987	7.2360679775	6.41421356237
485	inf	7.82842712474	NaN	6.41421356237	NaN	NaN	7.41421356237	7.65028153987	6.82842712474	6.41421356237
486	inf	NaN	6.82842712474	7.24264068711	NaN	NaN	7.41421356237	7.24264068711	6.82842712474	6.41421356237
489	inf	8.41421356237	NaN	NaN	6.0	NaN	8.0	8.16227766017	7.2360679775	6.41421356237
490	inf	NaN	7.41421356237	NaN	6.82842712474	NaN	8.0	7.82842712474	7.41421356237	7.24264068711
492	inf	NaN	NaN	6.41421356237	6.82842712474	NaN	8.0	7.65028153987	6.82842712474	6.41421356237
497	inf	8.16227766017	NaN	NaN	NaN	8.16227766017	8.57649122254	8.16227766017	7.41421356237	6.41421356237
498	inf	NaN	7.2360679775	NaN	NaN	8.2360679775	8.472135955	7.65028153987	7.2360679775	6.41421356237
500	inf	NaN	NaN	6.41421356237	NaN	8.41421356237	8.57649122254	7.65028153987	6.82842712474	6.41421356237
504	inf	NaN	NaN	NaN	6.0	9.0	9.12310562562	8.16227766017	7.2360679775	6.41421356237
439	inf	8.41421356237	8.65028153987	7.82842712474	NaN	8.41421356237	8.82842712474	NaN	7.41421356237	7.0
239	inf	7.82842712474	7.41421356237	7.82842712474	7.41421356237	NaN	7.41421356237	7.82842712474	7.41421356237	NaN
415	inf	9.0	8.65028153987	7.82842712474	7.41421356237	9.0	NaN	NaN	7.41421356237	7.82842712474
431	inf	8.41421356237	8.0	7.82842712474	7.41421356237	NaN	8.0	NaN	7.41421356237	7.82842712474
499	inf	8.2360679775	8.65028153987	NaN	NaN	8.2360679775	8.65028153987	8.2360679775	8.0	7.0
381	inf	9.0	NaN	8.41421356237	8.24264068711	9.0	9.41421356237	9.0	NaN	7.82842712474
223	inf	8.41421356237	8.24264068711	7.82842712474	7.41421356237	8.41421356237	NaN	7.82842712474	8.24264068711	NaN
445	inf	9.0	NaN	8.2360679775	8.0	9.0	9.41421356237	NaN	8.0	8.2360679775
446	inf	NaN	8.0	7.82842712474	7.41421356237	9.0	9.2360679775	NaN	7.41421356237	7.82842712474
191	inf	8.41421356237	8.65028153987	7.82842712474	7.41421356237	8.41421356237	8.82842712474	NaN	7.41421356237	NaN
463	inf	8.2360679775	7.41421356237	7.0	7.41421356237	NaN	NaN	7.0	7.41421356237	7.0
251	inf	8.41421356237	8.82842712474	NaN	7.41421356237	8.41421356237	8.82842712474	8.41421356237	8.65028153987	NaN
382	inf	NaN	8.0	8.2360679775	7.41421356237	9.0	9.2360679775	8.41421356237	NaN	7.0
471	inf	8.41421356237	8.24264068711	7.82842712474	NaN	8.41421356237	NaN	7.82842712474	8.24264068711	7.82842712474
475	inf	9.0	8.82842712474	NaN	7.41421356237	9.0	NaN	8.41421356237	8.65028153987	7.82842712474
477	inf	9.0	NaN	7.82842712474	8.24264068711	9.0	NaN	8.41421356237	8.24264068711	7.82842712474
478	inf	NaN	8.0	8.2360679775	8.0	9.0	NaN	8.2360679775	8.0	8.2360679775
351	inf	9.0	8.82842712474	8.41421356237	8.24264068711	9.0	NaN	8.41421356237	NaN	7.82842712474
379	inf	9.0	9.41421356237	NaN	8.0	9.0	9.41421356237	9.0	NaN	8.2360679775
487	inf	7.82842712474	7.41421356237	7.82842712474	NaN	NaN	7.41421356237	7.82842712474	7.41421356237	7.0
508	inf	NaN	NaN	7.0	7.41421356237	9.0	9.16227766017	8.2360679775	7.41421356237	7.0
491	inf	8.41421356237	8.0	NaN	7.41421356237	NaN	8.0	8.41421356237	8.0	7.82842712474
493	inf	8.41421356237	NaN	7.0	7.41421356237	NaN	8.0	8.2360679775	7.41421356237	7.0
494	inf	NaN	7.41421356237	7.82842712474	7.41421356237	NaN	8.0	7.82842712474	7.41421356237	7.82842712474
367	inf	8.41421356237	8.0	8.2360679775	7.41421356237	NaN	8.0	8.41421356237	NaN	7.0
319	inf	9.0	9.16227766017	8.2360679775	7.41421356237	9.0	9.41421356237	NaN	NaN	7.0
443	inf	9.0	9.2360679775	NaN	7.41421356237	9.0	9.41421356237	NaN	8.0	7.82842712474
502	inf	NaN	7.41421356237	7.82842712474	NaN	8.41421356237	8.65028153987	7.82842712474	7.41421356237	7.0
375	inf	8.41421356237	8.82842712474	8.41421356237	NaN	8.41421356237	8.82842712474	8.41421356237	NaN	7.82842712474
501	inf	8.41421356237	NaN	7.82842712474	NaN	8.41421356237	8.82842712474	8.41421356237	8.24264068711	7.82842712474
505	inf	9.0	NaN	NaN	7.41421356237	9.0	9.41421356237	9.0	8.65028153987	7.82842712474
506	inf	NaN	8.0	NaN	7.41421356237	9.0	9.2360679775	8.41421356237	8.0	7.82842712474
247	inf	7.0	7.41421356237	7.0	NaN	7.0	7.41421356237	7.0	7.41421356237	NaN
253	inf	8.41421356237	NaN	7.82842712474	7.41421356237	8.41421356237	8.82842712474	8.41421356237	8.24264068711	NaN
254	inf	NaN	7.41421356237	7.82842712474	7.41421356237	8.41421356237	8.65028153987	7.82842712474	7.41421356237	NaN
127	inf	8.2360679775	8.65028153987	8.2360679775	7.41421356237	8.2360679775	8.65028153987	8.2360679775	NaN	NaN
507	inf	9.0	9.41421356237	NaN	8.0	9.0	9.41421356237	9.0	9.2360679775	8.41421356237
495	inf	8.41421356237	8.0	8.41421356237	8.0	NaN	8.0	8.41421356237	8.0	8.41421356237
383	inf	9.0	9.41421356237	9.0	8.82842712474	9.0	9.41421356237	9.0	NaN	8.41421356237
511	inf	9.0	9.41421356237	9.0	9.41421356237	9.0	9.41421356237	9.0	9.41421356237	9.0
447	inf	9.0	9.2360679775	8.41421356237	8.0	9.0	9.41421356237	NaN	8.0	8.41421356237
503	inf	8.41421356237	8.82842712474	8.41421356237	NaN	8.41421356237	8.82842712474	8.41421356237	8.82842712474	8.41421356237
479	inf	9.0	8.82842712474	8.41421356237	8.82842712474	9.0	NaN	8.41421356237	8.82842712474	8.41421356237
509	inf	9.0	NaN	8.41421356237	8.82842712474	9.0	9.41421356237	9.0	8.82842712474	8.41421356237
510	inf	NaN	8.0	8.41421356237	8.0	9.0	9.2360679775	8.41421356237	8.0	8.41421356237
255	inf	8.41421356237	8.82842712474	8.41421356237	8.0	8.41421356237	8.82842712474	8.41421356237	8.82842712474	NaN
