A1
545.898	 541.949	 546.148	 547.113	 545.456	 545.559	 542.648	 546.758	 550.194	 547.916	 546.067	 547.654	 541.717
553.716	 553.628	 558.444	 559.641	 560.328	 567.253	 567.042	 566.381	 569.023	 577.495	 575.459	 573.549	 578.446	 583.253	 584.915	 585.499	 587.36	 593.57	 594.306	 595.196	 600.649	 600.626	 607.373	 605.591	 606.668	 608.36

B1
426.446	 428.518	 421.537	 424.717	 426.679	 425.278	 424.459	 422.997	 422.33	 426.196	 426.565	 422.2	 423.699	 423.378
416.215	 417.165	 421.09	 421.838	 420.798	 424.564	 421.992	 425.067	 430.651	 427.836	 430.895	 434.141	 431.455	 434.659	 435.752	 435.759	 434.483	 444.236	 441.071	 443.085	 443.821	 445.437	 441.611	 444.818	 450.006	 447.588

C1
432.978	 433.121	 433.136	 435.675	 434.73	 434.657	 432.44	 434.35	 433.571	 433.764	 436.076	 434.025	 437.04	 431.249
442.022	 443.181	 447.703	 444.626	 447.298	 451.606	 454.146	 451.115	 458.852	 456.081	 462.553	 462.124	 466.567	 469.137	 471.283	 474.878	 475.655	 477.779	 476.682	 480.407	 487.56	 490.306	 490.505	 498.241	 494.729	 496.015

D1
481.591	 476.898	 476.58	 481.161	 480.413	 479.901	 482.973	 478.006	 479.048	 477.9	 479.859	 480.232	 476.244
467.459	 466.676	 467.714	 470.581	 466.322	 470.179	 467.514	 470.983	 469.9	 468.765	 468.005	 472.165	 470.778	 471.16	 474.164	 472.239	 473.012	 475.359	 479.49	 476.854	 476.267	 479.506	 481.958	 478.769	 475.673	 477.186

E1
1692.884	 1682.204	 1692.135	 1688.805	 1690.005	 1689.017	 1691.28	 1700.581	 1680.549	 1693.844	 1696.939	 1695.892	 1687.466
1699.167	 1704.277	 1705.347	 1712.895	 1716.246	 1723.258	 1722.107	 1724.115	 1730.092	 1737.258	 1744.6	 1751.8	 1745.753	 1759.878	 1762.321	 1761.663	 1767.5	 1779.255	 1782.816	 1793.119	 1802.323	 1806.381	 1823.301	 1823.967	 1827.658	 1840.162

F1
1685.867	 1697.749	 1701.279	 1685.862	 1695.38	 1691.455	 1691.344	 1686.635	 1688.624	 1697.661	 1684.683	 1683.542	 1682.277
1701.299	 1706.094	 1701.432	 1709.055	 1717.791	 1721.3	 1724.827	 1732.094	 1745.714	 1745.627	 1739.797	 1751.677	 1756.118	 1764.278	 1763.507	 1771.058	 1778.952	 1784.414	 1787.416	 1790.804	 1796.425	 1797.087	 1814.044	 1810.181	 1819.936	 1822.707	 1825.2

G1
1831.467	 1840.157	 1838.31	 1839.143	 1828.906	 1832.916	 1838.424	 1828.764	 1837.339	 1839.216	 1837.929	 1827.936	 1835.012
1858.795	 1861.569	 1854.016	 1869.547	 1878.276	 1868.926	 1873.171	 1882.498	 1892.8	 1897.41	 1892.149	 1896.78	 1909.58	 1911.931	 1916.164	 1927.198	 1938.872	 1928.663	 1936.888	 1935.291	 1942.085	 1948.845	 1963.791	 1972.47	 1969.841	 1972.688	 1980.188

H1
1647.349	 1644.137	 1643.247	 1642.68	 1645.35	 1646.603	 1655.008	 1647.535	 1634.855	 1640.906	 1648.217	 1631.009	 1651.441
1672.839	 1667.853	 1674.897	 1680.389	 1672.901	 1692.185	 1703.093	 1694.009	 1707.837	 1705.249	 1707.43	 1731.479	 1730.702	 1725.594	 1740.703	 1740.713	 1755.068	 1752.334	 1754.231	 1762.931	 1767.412	 1782.729	 1786.791	 1788.501	 1786.546	 1804.749	 1807.182

A2
467.919	 467.333	 469.59	 466.975	 466.333	 466.935	 463.774	 467.751	 465.006	 468.541	 468.63	 469.325	 462.775
474.505	 475.612	 483.757	 481.377	 481.454	 485.949	 488.377	 486.11	 491.386	 497.922	 496.939	 501.53	 497.751	 505.509	 510.316	 509.323	 506.921	 515.654	 513.48	 517.088	 515.265	 516.848	 515.075	 519.022	 520.378	 515.592

B2
572.417	 570.418	 571.102	 570.439	 570.189	 569.992	 567.371	 572.995	 566.768	 567.023	 572.365	 572.681	 569.654	 569.865
577.058	 574.466	 582.696	 581.678	 587.297	 590.032	 593.23	 593.029	 593.145	 598.789	 603.401	 603.779	 609.242	 609.667	 609.255	 615.045	 615.619	 618.136	 621.503	 621.149	 624.058	 620.679	 621.164	 626.133	 628.79	 625.055

C2
543.456	 542.323	 541.704	 541.198	 541.479	 539.794	 540.215	 538.624	 540.962	 540.181	 540.641	 540.834	 542.976	 541.548
552.951	 556.191	 552.022	 564.239	 563.265	 562.772	 569.429	 562.714	 577.347	 573.162	 582.796	 585.413	 583.872	 591.198	 590.957	 596.064	 600.242	 606.544	 608.688	 613.84	 621.2	 612.327	 618.481	 623.945	 627.857	 627.05

D2
645.991	 646.525	 649.143	 643.361	 650.996	 649.354	 648.975	 647.066	 647.193	 647.431	 648.517	 649.14	 647.63
678.745	 675.936	 677.197	 685.082	 681.649	 682.432	 684.179	 690.436	 692.538	 697.904	 707.328	 707.743	 708.707	 704.026	 718.474	 719.008	 728.124	 725.535	 726.171	 724.06	 725.531	 723.162	 727.049	 722.131	 723.922	 718.18

E2
1654.242	 1659.296	 1657.294	 1649.639	 1653.72	 1645.627	 1665.377	 1657.06	 1661.353	 1660.427	 1650.28	 1661.428	 1656.331
1718.0	 1727.553	 1726.494	 1738.744	 1744.247	 1752.873	 1757.502	 1756.944	 1772.655	 1772.064	 1792.34	 1795.453	 1804.962	 1807.139	 1823.698	 1818.655	 1833.653	 1835.54	 1854.489	 1854.004	 1872.275	 1873.406	 1885.761	 1887.737	 1891.817	 1894.266

F2
1698.231	 1692.92	 1694.62	 1686.914	 1692.955	 1677.083	 1693.692	 1693.001	 1686.441	 1689.684	 1696.523	 1694.905	 1690.535
1677.202	 1664.873	 1675.525	 1673.456	 1685.228	 1678.839	 1688.69	 1692.113	 1710.968	 1702.915	 1714.202	 1732.928	 1711.621	 1725.843	 1727.442	 1741.294	 1745.221	 1752.156	 1754.682	 1767.971	 1755.423	 1775.052	 1776.55	 1785.914	 1800.431	 1798.012

G2
1747.956	 1752.305	 1740.385	 1748.945	 1744.475	 1752.61	 1755.632	 1752.489	 1750.012	 1747.769	 1751.829	 1751.505	 1753.347
1819.258	 1839.038	 1837.008	 1847.874	 1864.594	 1870.015	 1876.105	 1880.864	 1896.973	 1903.881	 1904.848	 1915.156	 1928.643	 1932.129	 1937.468	 1937.477	 1957.075	 1953.742	 1968.083	 1973.947	 1992.546	 1986.43	 1991.305	 2010.207	 2014.969	 2016.189	 2005.252

H2
1682.628	 1674.976	 1687.647	 1694.715	 1673.577	 1678.111	 1676.614	 1686.532	 1672.925	 1676.867	 1686.996	 1689.706	 1669.685
1732.227	 1746.999	 1739.017	 1739.627	 1747.327	 1763.379	 1754.212	 1764.728	 1770.277	 1790.193	 1795.349	 1800.335	 1801.05	 1823.342	 1827.453	 1823.328	 1834.897	 1837.482	 1850.87	 1849.832	 1861.001	 1863.373	 1863.741	 1878.696	 1888.106	 1877.359	 1883.607

A3
395.811	 393.423	 398.255	 398.027	 400.852	 395.052	 397.163	 398.431	 403.139	 399.029	 395.754	 397.097	 396.617
395.842	 395.576	 397.537	 393.92	 394.238	 396.808	 398.664	 400.052	 397.962	 400.782	 404.88	 402.364	 403.868	 406.804	 401.622	 405.34	 405.917	 406.208	 406.449	 403.606	 403.484	 400.324	 398.009	 395.129	 394.666	 394.334

B3
547.414	 542.453	 545.665	 541.218	 547.356	 543.928	 541.495	 541.753	 541.239	 547.178	 545.444	 544.801	 548.173
551.522	 553.021	 554.882	 558.174	 557.088	 561.186	 557.296	 567.251	 564.041	 565.344	 565.648	 572.569	 571.066	 573.978	 575.771	 574.943	 572.057	 573.115	 572.935	 570.569	 574.46	 565.414	 568.736	 565.505	 562.119	 560.09

C3
580.987	 580.044	 581.752	 578.604	 579.347	 581.02	 581.405	 583.56	 580.113	 584.01	 576.779	 576.603	 583.57	 581.936
590.048	 588.905	 593.725	 592.773	 596.881	 593.611	 594.398	 599.801	 598.097	 597.831	 597.52	 606.269	 609.129	 602.18	 611.412	 615.21	 611.579	 613.89	 610.486	 614.242	 611.881	 614.183	 612.129	 607.469	 607.125	 602.175

D3
579.025	 578.5	 581.966	 579.053	 582.024	 576.44	 584.887	 577.813	 583.184	 584.842	 589.59	 582.504	 574.117
589.638	 583.326	 588.82	 587.59	 592.95	 591.437	 591.234	 595.854	 600.78	 600.841	 594.842	 604.121	 597.652	 604.724	 611.091	 606.577	 606.128	 610.833	 609.264	 609.558	 605.887	 608.76	 614.181	 605.31	 606.861	 602.458

E3
1757.224	 1751.969	 1755.04	 1759.184	 1757.948	 1755.934	 1759.435	 1758.232	 1758.359	 1758.575	 1769.234	 1754.356	 1755.428
1831.035	 1823.894	 1848.062	 1837.898	 1875.838	 1873.032	 1883.575	 1884.774	 1886.461	 1902.885	 1897.453	 1916.582	 1912.766	 1935.144	 1925.499	 1945.872	 1942.082	 1951.22	 1946.418	 1972.847	 1979.835	 1972.955	 1984.657	 1999.4	 2004.249	 2002.839

F3
1673.502	 1684.389	 1678.448	 1684.754	 1674.129	 1670.482	 1679.239	 1678.252	 1679.157	 1673.66	 1679.433	 1678.827	 1665.585
1689.529	 1678.339	 1686.958	 1690.646	 1706.582	 1720.173	 1714.953	 1714.931	 1729.63	 1728.704	 1727.455	 1733.589	 1740.288	 1749.149	 1756.229	 1759.818	 1772.358	 1775.258	 1771.496	 1782.905	 1800.314	 1786.078	 1807.38	 1800.798	 1823.365	 1824.181	 1827.372

G3
1797.332	 1805.217	 1807.75	 1810.721	 1808.327	 1803.857	 1809.599	 1822.66	 1806.135	 1798.269	 1811.203	 1809.909	 1798.047
1855.286	 1855.439	 1875.729	 1857.708	 1874.381	 1885.088	 1885.938	 1890.906	 1896.284	 1908.112	 1915.064	 1920.108	 1928.385	 1930.311	 1939.375	 1934.092	 1940.783	 1957.145	 1956.99	 1964.523	 1978.853	 1986.576	 1981.641	 1987.683	 2000.82	 1993.455	 2005.041

H3
1654.68	 1653.105	 1630.398	 1645.793	 1640.74	 1649.621	 1651.138	 1647.086	 1649.751	 1636.252	 1646.647	 1639.885	 1644.096
1686.31	 1682.854	 1705.256	 1705.026	 1713.826	 1716.112	 1724.277	 1738.488	 1744.276	 1762.871	 1748.774	 1758.082	 1772.94	 1794.42	 1780.88	 1805.217	 1793.323	 1824.215	 1806.698	 1815.838	 1834.542	 1841.53	 1853.068	 1844.951	 1869.207	 1872.078	 1863.924

A4
417.073	 418.191	 417.816	 414.569	 417.768	 416.263	 419.55	 412.286	 412.921	 418.133	 413.316	 415.404	 417.585
434.857	 442.139	 440.496	 439.135	 446.523	 448.422	 447.947	 455.437	 453.637	 455.136	 460.85	 460.765	 457.047	 458.777	 462.711	 463.282	 461.258	 456.045	 453.592	 454.745	 450.926	 449.159	 448.279	 442.528	 436.771	 435.662

B4
560.216	 559.397	 562.282	 562.767	 559.768	 563.89	 561.838	 560.658	 564.112	 560.435	 562.231	 558.613	 562.072
591.923	 594.099	 596.864	 596.653	 602.771	 609.234	 612.888	 613.36	 618.821	 618.652	 626.4	 626.527	 629.17	 626.342	 635.581	 631.513	 633.492	 633.771	 631.646	 628.287	 628.981	 627.227	 623.03	 623.39	 609.574	 609.702

C4
579.206	 577.674	 579.905	 580.099	 579.405	 581.223	 575.972	 584.65	 577.281	 582.65	 581.436	 579.805	 578.895	 581.493
602.746	 611.807	 618.136	 614.65	 621.633	 626.463	 631.604	 630.993	 632.896	 639.5	 644.529	 644.357	 646.112	 646.566	 648.646	 649.351	 650.705	 652.567	 645.729	 647.514	 640.391	 639.837	 640.768	 629.923	 632.291	 624.891

D4
543.689	 544.486	 544.986	 547.458	 544.017	 544.731	 536.648	 539.601	 544.484	 543.733	 542.925	 547.755	 547.36
567.883	 566.845	 570.016	 578.326	 578.314	 580.269	 580.867	 588.657	 592.827	 593.439	 598.896	 600.069	 605.834	 607.526	 606.576	 610.776	 606.091	 612.58	 608.946	 605.861	 607.49	 609.203	 609.437	 606.668	 600.328	 599.45

E4
1690.469	 1691.888	 1686.885	 1687.18	 1682.621	 1682.463	 1682.509	 1694.264	 1686.025	 1680.332	 1676.828	 1685.751	 1691.031
1773.428	 1775.521	 1789.163	 1780.591	 1804.599	 1805.096	 1812.662	 1828.055	 1848.029	 1842.043	 1836.412	 1860.826	 1854.005	 1877.023	 1875.135	 1878.418	 1889.598	 1898.42	 1903.399	 1911.009	 1909.533	 1923.95	 1930.977	 1931.992	 1933.73	 1931.302

F4
1740.766	 1755.414	 1751.755	 1753.697	 1750.432	 1734.912	 1738.012	 1748.873	 1737.747	 1741.401	 1756.492	 1741.387	 1750.137
1777.573	 1789.615	 1793.008	 1795.295	 1807.925	 1811.44	 1819.363	 1819.493	 1839.497	 1844.335	 1843.541	 1857.756	 1871.99	 1861.46	 1881.451	 1888.455	 1888.963	 1909.628	 1906.498	 1916.247	 1920.587	 1932.636	 1936.398	 1946.421	 1955.319	 1960.903

G4
1827.879	 1831.206	 1836.512	 1829.25	 1831.206	 1827.006	 1828.582	 1809.24	 1823.751	 1821.087	 1831.226	 1839.194	 1826.355
1882.813	 1890.878	 1904.52	 1904.075	 1906.2	 1907.304	 1932.259	 1922.55	 1942.909	 1943.721	 1961.612	 1950.578	 1959.065	 1975.315	 1972.248	 1997.784	 1987.553	 2009.432	 2009.008	 2011.166	 2009.15	 2034.222	 2015.745	 2031.611	 2044.513	 2041.005	 2055.545

H4
1551.765	 1548.455	 1544.439	 1540.475	 1546.811	 1551.784	 1540.567	 1541.568	 1551.679	 1548.085	 1540.663	 1545.841	 1549.843
1590.931	 1606.15	 1610.44	 1619.07	 1609.928	 1629.047	 1635.632	 1656.553	 1662.405	 1664.629	 1666.605	 1678.009	 1688.094	 1693.663	 1693.713	 1711.237	 1711.626	 1723.17	 1742.517	 1736.409	 1751.383	 1754.647	 1755.937	 1753.943	 1770.143	 1766.159	 1767.093

A5
439.522	 443.175	 440.917	 439.939	 438.199	 441.045	 438.27	 439.091	 439.829	 441.464	 439.329	 439.635	 443.51
466.47	 466.685	 470.662	 475.349	 481.056	 479.286	 479.415	 483.783	 488.762	 490.27	 489.463	 486.443	 486.149	 481.244	 488.489	 484.016	 486.409	 477.343	 478.391	 476.325	 473.912	 467.599	 466.567	 457.727	 451.367	 450.51

B5
523.235	 520.872	 522.26	 526.96	 524.154	 522.556	 520.399	 522.315	 522.707	 519.47	 519.151	 519.863	 520.888	 522.948
554.581	 555.016	 552.256	 559.152	 560.406	 569.933	 569.829	 574.765	 577.485	 573.782	 578.674	 583.874	 580.496	 576.599	 569.599	 571.878	 571.24	 565.273	 559.706	 560.262	 553.53	 551.613	 545.146	 539.254	 532.149	 525.528

C5
573.54	 570.734	 571.417	 571.907	 571.079	 576.211	 570.373	 570.547	 571.427	 569.529	 574.951	 575.844	 570.76
610.558	 615.011	 621.954	 622.549	 629.884	 630.973	 633.746	 645.46	 642.538	 641.027	 648.519	 646.802	 642.699	 644.35	 646.67	 641.77	 634.756	 630.67	 630.604	 622.641	 615.281	 606.683	 603.649	 593.382	 585.957	 581.456

D5
518.741	 522.138	 519.442	 521.863	 520.883	 516.32	 520.508	 518.862	 518.061	 515.058	 518.831	 520.386	 516.884
546.766	 550.196	 552.3	 560.187	 558.141	 563.13	 568.916	 569.457	 574.588	 576.223	 573.429	 575.758	 576.105	 569.709	 568.258	 567.769	 566.249	 560.484	 557.769	 552.362	 547.958	 544.35	 532.647	 524.629	 519.802	 514.252

E5
1762.995	 1769.963	 1775.139	 1750.332	 1767.477	 1770.637	 1760.505	 1761.902	 1772.9	 1767.014	 1771.47	 1768.776	 1770.581
1846.883	 1864.007	 1871.288	 1897.524	 1897.6	 1911.814	 1909.058	 1927.046	 1926.825	 1944.264	 1950.217	 1954.013	 1977.764	 1981.625	 1989.221	 1997.857	 2009.71	 2013.635	 2020.288	 2014.714	 2029.598	 2041.612	 2039.279	 2047.208	 2051.793	 2049.077

F5
1804.493	 1799.283	 1808.883	 1789.845	 1807.611	 1809.56	 1805.619	 1806.235	 1810.249	 1812.297	 1805.122	 1800.188	 1804.323
1859.464	 1868.409	 1874.384	 1881.217	 1885.776	 1891.52	 1894.877	 1924.74	 1913.247	 1935.961	 1942.893	 1954.721	 1963.769	 1964.372	 1985.02	 1991.932	 1998.973	 2000.354	 2018.785	 2026.448	 2035.058	 2042.099	 2052.449	 2056.845	 2056.634	 2069.092	 2072.016

G5
1837.83	 1837.75	 1826.769	 1834.222	 1827.059	 1832.022	 1827.991	 1826.464	 1828.808	 1824.355	 1833.821	 1829.542	 1839.704
1890.063	 1885.185	 1894.568	 1907.956	 1915.84	 1930.304	 1935.708	 1952.435	 1958.237	 1971.714	 1981.145	 1993.261	 1992.416	 1997.251	 2013.653	 2022.914	 2029.697	 2054.538	 2051.711	 2053.72	 2065.058	 2067.368	 2082.848	 2085.654	 2081.024	 2088.442	 2100.884

H5
1682.767	 1677.634	 1671.243	 1683.18	 1671.753	 1676.184	 1678.101	 1679.193	 1672.313	 1684.282	 1677.796	 1668.317	 1673.754
1709.21	 1725.698	 1736.339	 1726.105	 1749.694	 1765.172	 1769.201	 1780.371	 1783.781	 1790.518	 1804.835	 1818.666	 1817.893	 1827.591	 1837.034	 1855.646	 1855.888	 1861.51	 1868.491	 1881.801	 1896.876	 1895.929	 1893.465	 1898.757	 1907.714	 1919.837

A6
335.049	 335.558	 337.138	 334.277	 336.679	 337.083	 335.57	 334.363	 334.367	 336.4	 332.999	 335.611	 338.271
354.054	 353.23	 357.457	 354.351	 361.823	 363.291	 362.686	 366.485	 364.741	 366.33	 369.056	 368.787	 365.118	 362.089	 361.318	 357.088	 357.05	 355.768	 346.971	 349.726	 345.111	 341.685	 338.828	 336.096	 332.04	 326.987

B6
497.727	 498.323	 495.338	 496.785	 491.452	 497.683	 494.861	 492.501	 494.38	 494.717	 492.094	 493.724	 497.918
532.202	 539.072	 545.769	 547.012	 554.777	 557.579	 560.377	 564.883	 563.875	 569.512	 574.042	 577.217	 583.233	 579.676	 575.615	 577.658	 577.719	 570.441	 570.612	 564.706	 564.812	 561.64	 555.068	 543.174	 543.063	 534.306

C6
582.881	 580.391	 578.366	 576.183	 574.95	 571.763	 571.947	 575.45	 577.005	 579.087	 578.24	 584.127	 575.091	 569.623
623.79	 633.526	 640.705	 642.506	 653.809	 653.843	 661.427	 667.812	 672.212	 681.91	 682.215	 685.232	 687.335	 688.777	 681.213	 689.316	 686.218	 686.576	 686.791	 674.7	 669.168	 673.408	 668.682	 657.962	 649.21	 645.434

D6
451.031	 450.566	 449.212	 453.374	 446.76	 449.378	 451.029	 450.414	 449.827	 452.559	 449.026	 447.683	 446.501	 447.951
482.2	 485.017	 494.361	 494.639	 493.087	 498.459	 499.664	 500.909	 504.085	 503.433	 506.837	 503.22	 504.45	 500.415	 502.052	 496.828	 490.708	 489.586	 485.246	 482.8	 475.913	 471.914	 463.041	 462.672	 452.734	 452.185

E6
1898.132	 1906.323	 1904.951	 1904.268	 1902.651	 1898.927	 1907.453	 1914.288	 1909.528	 1907.653	 1904.823	 1905.995	 1908.603
2018.841	 2033.38	 2053.435	 2068.269	 2072.11	 2086.739	 2105.493	 2112.504	 2125.702	 2133.563	 2147.823	 2164.755	 2170.309	 2168.569	 2199.264	 2195.451	 2206.489	 2218.531	 2227.221	 2228.269	 2243.259	 2247.591	 2239.529	 2247.509	 2237.253	 2250.138

F6
1866.06	 1863.194	 1869.646	 1874.889	 1864.286	 1874.142	 1863.649	 1867.246	 1868.369	 1868.894	 1867.84	 1870.007	 1856.674
1929.608	 1944.394	 1955.79	 1970.326	 1986.419	 1993.001	 1998.702	 2001.423	 2004.841	 2039.085	 2050.123	 2059.412	 2084.555	 2083.599	 2085.928	 2100.507	 2113.37	 2115.135	 2128.447	 2121.676	 2144.97	 2163.404	 2155.007	 2173.096	 2180.912	 2174.269

G6
1873.944	 1871.199	 1864.744	 1868.268	 1865.168	 1875.159	 1858.482	 1865.83	 1856.726	 1877.519	 1863.282	 1877.738	 1868.205
1924.077	 1938.09	 1943.478	 1952.835	 1983.224	 1979.772	 1992.064	 2001.908	 2024.867	 2038.244	 2049.344	 2058.162	 2070.568	 2085.727	 2090.206	 2095.652	 2117.783	 2123.212	 2135.859	 2149.378	 2150.044	 2163.998	 2159.485	 2154.975	 2188.68	 2178.005	 2184.331

H6
1737.182	 1725.922	 1738.908	 1725.801	 1744.188	 1733.805	 1730.438	 1733.735	 1735.984	 1725.789	 1728.272	 1737.866	 1737.846
1808.036	 1808.66	 1832.06	 1852.673	 1867.223	 1876.784	 1884.801	 1902.826	 1920.569	 1931.96	 1950.195	 1960.898	 1966.913	 1978.54	 1986.085	 2002.586	 2018.281	 2018.438	 2025.49	 2051.203	 2050.056	 2061.746	 2062.671	 2074.381	 2068.038	 2072.739	 2073.467

A7
321.259	 322.369	 321.793	 319.629	 323.586	 323.095	 319.351	 320.967	 324.043	 322.789	 321.193	 318.53	 319.637
343.179	 344.798	 347.023	 348.187	 351.438	 356.349	 353.387	 358.665	 355.905	 357.897	 360.239	 362.034	 363.615	 359.909	 356.986	 356.542	 353.646	 350.933	 352.989	 345.421	 346.43	 341.953	 340.473	 335.096	 335.0	 333.5

B7
436.781	 438.802	 438.46	 435.037	 436.61	 436.431	 436.409	 439.984	 438.922	 435.525	 434.042	 435.848	 435.79
475.361	 483.96	 486.417	 490.868	 499.896	 499.151	 502.71	 508.131	 511.824	 517.695	 523.444	 518.87	 520.561	 517.199	 512.248	 514.453	 509.914	 510.931	 508.211	 498.982	 499.593	 490.744	 487.542	 483.217	 477.542	 474.197

C7
547.772	 553.116	 547.877	 544.574	 546.242	 554.064	 546.295	 549.555	 548.042	 547.311	 547.685	 551.034	 547.655	 548.22
602.284	 604.466	 610.175	 616.177	 620.523	 629.151	 625.285	 634.455	 637.162	 638.605	 635.801	 644.919	 637.801	 640.198	 632.832	 631.521	 632.461	 621.53	 617.76	 620.208	 611.584	 606.766	 601.74	 597.538	 588.072	 580.143

D7
438.31	 437.852	 435.984	 436.931	 433.654	 435.574	 435.048	 435.928	 437.54	 435.088	 435.528	 431.021	 437.969
460.274	 464.419	 468.294	 468.158	 470.698	 476.618	 479.217	 479.324	 480.46	 476.334	 479.829	 482.143	 477.439	 476.214	 472.926	 470.557	 469.13	 464.909	 460.447	 458.023	 450.61	 453.17	 449.11	 443.624	 437.346	 433.342

E7
1696.549	 1698.214	 1698.275	 1699.459	 1687.707	 1700.896	 1688.668	 1701.195	 1702.043	 1698.705	 1699.917	 1696.858	 1704.231
1811.613	 1816.352	 1834.432	 1835.258	 1873.99	 1866.027	 1890.187	 1899.48	 1905.489	 1917.964	 1918.524	 1941.315	 1950.444	 1957.726	 1961.306	 1981.876	 1989.325	 1987.257	 2010.11	 2001.533	 2006.486	 2003.68	 2001.09	 2012.846	 2014.178	 2004.923

F7
1795.713	 1793.224	 1799.687	 1794.45	 1795.757	 1788.344	 1801.404	 1806.829	 1789.281	 1789.858	 1794.708	 1803.867	 1800.653
1849.283	 1862.449	 1863.911	 1890.033	 1897.949	 1906.597	 1922.181	 1935.548	 1955.132	 1958.917	 1957.53	 1994.171	 2003.115	 2014.583	 2025.072	 2045.562	 2048.464	 2055.784	 2068.483	 2082.998	 2073.237	 2089.265	 2104.758	 2109.462	 2105.399	 2104.18

G7
1811.044	 1790.733	 1797.913	 1802.397	 1797.533	 1798.116	 1798.693	 1804.21	 1790.895	 1803.139	 1803.768	 1800.2	 1784.681
1814.296	 1810.995	 1835.092	 1833.573	 1845.31	 1853.404	 1867.151	 1878.221	 1884.342	 1905.944	 1910.774	 1919.316	 1929.775	 1952.074	 1953.008	 1952.707	 1980.615	 1982.315	 1990.977	 2004.022	 2012.063	 2029.745	 2029.253	 2046.19	 2048.252	 2057.452	 2074.145

H7
1670.772	 1654.726	 1670.727	 1659.539	 1666.616	 1668.522	 1670.798	 1660.628	 1664.713	 1657.986	 1662.017	 1662.539	 1657.898
1742.226	 1749.722	 1780.281	 1788.424	 1806.39	 1815.774	 1843.94	 1850.104	 1859.182	 1879.907	 1894.035	 1899.604	 1912.008	 1931.468	 1938.148	 1938.341	 1951.827	 1962.169	 1972.955	 1965.434	 1982.937	 1982.815	 1979.364	 1981.395	 1980.105	 1995.927	 1999.062

A8
378.71	 383.001	 381.479	 376.252	 381.685	 382.553	 379.74	 379.66	 382.393	 379.835	 378.606	 378.409	 382.393
407.292	 415.724	 418.52	 426.706	 428.884	 431.307	 434.696	 442.39	 439.447	 444.866	 445.273	 446.462	 447.811	 443.783	 444.239	 446.654	 447.319	 444.185	 443.497	 438.756	 434.092	 433.971	 433.317	 426.54	 423.398	 413.767

B8
422.285	 419.81	 420.071	 419.728	 422.39	 419.994	 424.277	 420.938	 421.381	 418.727	 417.951	 420.005	 421.163
461.65	 468.062	 470.436	 475.724	 475.983	 479.044	 478.069	 484.99	 482.57	 484.825	 485.445	 487.18	 485.194	 482.476	 482.208	 476.067	 472.338	 469.098	 469.579	 463.406	 455.608	 455.647	 446.843	 443.295	 439.187	 432.508

C8
493.151	 492.136	 491.652	 487.003	 494.396	 493.073	 488.974	 490.307	 489.87	 492.693	 492.906	 494.721	 494.756	 494.829
540.883	 543.128	 549.379	 553.946	 562.382	 560.168	 565.573	 564.219	 567.647	 569.759	 568.478	 573.168	 573.964	 572.697	 565.665	 563.638	 562.643	 558.078	 555.723	 547.975	 541.135	 532.264	 531.77	 525.669	 521.037	 513.359

D8
450.156	 449.229	 450.35	 449.389	 450.891	 447.42	 446.45	 445.192	 452.448	 447.012	 447.82	 449.172	 449.472	 448.672
490.104	 499.865	 504.728	 507.753	 512.369	 515.839	 515.254	 516.654	 515.755	 514.196	 515.525	 511.127	 505.619	 503.585	 504.742	 501.635	 497.312	 492.2	 489.155	 485.637	 480.792	 474.198	 469.76	 465.742	 460.043	 457.71

E8
1793.642	 1786.809	 1793.365	 1806.671	 1792.431	 1784.561	 1794.586	 1800.613	 1791.097	 1787.574	 1786.688	 1797.787	 1784.914
1915.042	 1935.41	 1948.352	 1969.055	 1965.911	 2002.349	 2007.688	 2020.542	 2040.966	 2047.617	 2060.335	 2080.412	 2089.741	 2079.608	 2093.255	 2107.377	 2109.75	 2123.028	 2133.93	 2134.252	 2142.419	 2138.145	 2139.754	 2154.655	 2146.519	 2156.369

F8
1707.343	 1706.239	 1706.421	 1709.832	 1697.291	 1699.617	 1692.934	 1698.195	 1706.968	 1701.041	 1709.66	 1703.722	 1705.303
1792.548	 1824.889	 1828.522	 1843.19	 1864.338	 1888.249	 1903.0	 1915.428	 1915.286	 1947.271	 1957.051	 1964.129	 1980.351	 1995.742	 2005.067	 2017.614	 2030.127	 2028.008	 2028.935	 2042.776	 2048.7	 2046.706	 2050.465	 2062.208	 2054.584	 2058.095

G8
2011.361	 2007.367	 1996.182	 2007.322	 1998.264	 1999.757	 2005.086	 2005.306	 1997.791	 1993.795	 1999.397	 2000.517	 1994.949
2041.233	 2063.353	 2065.31	 2082.785	 2096.728	 2103.187	 2127.681	 2135.115	 2151.244	 2150.543	 2173.94	 2189.378	 2200.315	 2206.913	 2231.41	 2225.645	 2251.02	 2261.717	 2268.198	 2268.813	 2297.854	 2297.458	 2312.372	 2309.159	 2309.898	 2332.618

H8
1661.258	 1664.277	 1661.553	 1664.681	 1665.298	 1665.606	 1661.413	 1666.605	 1668.779	 1659.911	 1665.651	 1661.626	 1675.375
1725.456	 1728.486	 1746.755	 1764.712	 1762.068	 1781.045	 1807.46	 1815.391	 1841.494	 1856.482	 1872.039	 1877.387	 1884.785	 1904.651	 1916.599	 1909.625	 1935.336	 1942.346	 1950.766	 1954.706	 1947.676	 1984.318	 1974.631	 1976.182	 1976.527	 1980.04	 1971.772

A9
432.634	 429.22	 430.124	 425.49	 431.855	 427.461	 428.952	 428.15	 428.962	 428.625	 429.123	 428.89	 432.787	 430.917
465.638	 468.873	 475.766	 479.035	 483.678	 482.819	 483.528	 483.756	 486.044	 485.96	 485.607	 481.919	 476.349	 480.408	 472.662	 476.25	 470.759	 471.705	 464.322	 463.482	 460.526	 451.273	 451.467	 443.232	 441.769	 436.324

B9
424.308	 424.589	 421.951	 422.161	 422.791	 424.185	 419.491	 425.328	 422.145	 418.542	 420.185	 422.837	 423.04	 419.749
464.823	 468.117	 471.401	 468.145	 475.651	 479.383	 480.889	 482.014	 481.166	 488.485	 483.679	 481.861	 484.504	 485.667	 480.677	 478.09	 475.734	 475.418	 469.229	 467.903	 461.424	 454.292	 454.339	 451.005	 444.313	 441.098

C9
457.005	 457.145	 449.77	 450.777	 451.779	 458.985	 450.413	 451.955	 455.919	 450.444	 452.885	 449.276	 453.748
496.002	 498.183	 502.599	 508.459	 510.232	 514.603	 511.723	 514.153	 513.281	 511.07	 506.498	 511.996	 508.46	 507.496	 508.453	 504.071	 506.274	 499.676	 492.627	 489.88	 484.358	 479.896	 475.629	 473.825	 466.404	 465.746

D9
419.568	 420.094	 420.69	 424.487	 421.495	 419.677	 424.001	 419.892	 425.182	 423.464	 420.086	 418.928	 420.777
463.44	 465.757	 470.824	 474.95	 475.611	 481.596	 482.782	 487.285	 486.458	 486.426	 486.663	 488.487	 485.685	 485.987	 486.428	 480.149	 480.071	 476.756	 470.276	 470.94	 465.091	 464.368	 455.114	 450.694	 452.512	 445.487

E9
1640.617	 1643.404	 1649.942	 1645.992	 1644.46	 1648.212	 1647.853	 1643.913	 1643.617	 1652.311	 1647.272	 1641.501	 1645.188
1731.226	 1732.795	 1755.317	 1780.161	 1792.235	 1798.619	 1814.1	 1829.863	 1845.31	 1854.335	 1870.941	 1879.231	 1886.712	 1899.463	 1910.255	 1919.559	 1928.38	 1934.623	 1946.399	 1945.116	 1948.006	 1953.505	 1964.748	 1949.979	 1960.828	 1962.997

F9
1765.766	 1764.061	 1768.581	 1764.023	 1775.425	 1771.035	 1763.457	 1761.041	 1761.334	 1758.115	 1755.866	 1750.259	 1764.834
1852.098	 1865.693	 1879.056	 1884.25	 1908.525	 1926.843	 1937.14	 1949.897	 1966.94	 1969.795	 1984.886	 1995.139	 2004.533	 2001.825	 2027.627	 2047.939	 2046.242	 2040.395	 2060.924	 2070.501	 2058.016	 2065.094	 2070.701	 2092.383	 2079.877	 2077.337	 2085.136

G9
1635.795	 1619.497	 1627.94	 1630.713	 1636.624	 1631.141	 1632.992	 1631.356	 1619.652	 1629.821	 1634.505	 1638.821	 1628.003
1726.769	 1743.171	 1751.721	 1762.317	 1787.979	 1781.563	 1796.082	 1812.733	 1828.362	 1816.676	 1833.619	 1846.321	 1862.902	 1869.023	 1870.035	 1873.288	 1891.94	 1898.134	 1905.33	 1919.008	 1903.439	 1923.645	 1910.94	 1928.308	 1909.719	 1923.839	 1921.827

H9
1607.162	 1608.258	 1592.168	 1602.608	 1601.083	 1605.735	 1600.894	 1597.872	 1595.415	 1598.589	 1606.133	 1597.352	 1603.405
1682.449	 1700.329	 1697.9	 1722.95	 1719.655	 1735.793	 1753.948	 1773.202	 1771.759	 1781.887	 1788.924	 1789.318	 1805.807	 1822.549	 1827.183	 1823.742	 1851.206	 1847.179	 1848.523	 1849.437	 1865.921	 1864.62	 1858.365	 1877.562	 1883.05	 1880.204

A10
252.075	 255.193	 256.51	 254.35	 258.192	 257.395	 256.248	 254.551	 257.5	 256.805	 256.496	 254.508	 255.721
285.721	 286.02	 286.799	 289.454	 290.353	 289.303	 293.414	 293.153	 291.239	 290.865	 288.577	 289.376	 286.702	 284.256	 284.49	 281.088	 280.125	 275.044	 277.031	 275.698	 269.793	 268.211	 267.854	 265.51	 262.208	 262.256

B10
392.258	 392.309	 393.07	 392.283	 390.953	 390.821	 392.285	 393.887	 393.741	 394.17	 389.844	 395.64	 394.461
437.288	 440.259	 448.652	 447.864	 452.508	 459.277	 456.788	 462.34	 464.267	 462.75	 465.232	 467.138	 463.884	 462.156	 457.353	 462.771	 460.101	 454.197	 452.538	 451.519	 442.067	 438.562	 431.697	 433.8	 427.519	 421.284

C10
393.503	 395.096	 396.795	 396.707	 395.299	 397.138	 396.228	 397.699	 399.346	 397.743	 396.181	 393.384	 393.789	 395.458
436.503	 441.098	 442.686	 446.335	 452.555	 450.716	 457.222	 453.166	 456.601	 456.882	 455.943	 454.673	 452.344	 451.75	 449.221	 448.689	 446.58	 439.156	 438.61	 435.997	 430.458	 427.093	 422.267	 419.053	 415.145	 411.882

D10
407.723	 403.091	 402.749	 405.039	 407.937	 407.767	 404.123	 407.648	 404.315	 404.188	 403.707	 403.294	 401.741
456.391	 456.659	 462.816	 467.206	 469.957	 472.521	 476.851	 480.159	 479.438	 479.027	 480.38	 475.442	 476.957	 473.869	 475.078	 471.437	 470.041	 463.147	 460.596	 459.026	 456.717	 451.092	 444.166	 439.29	 434.573	 430.694

E10
1798.198	 1814.332	 1814.34	 1806.613	 1815.662	 1800.94	 1808.716	 1799.457	 1812.504	 1809.88	 1806.306	 1807.432	 1807.5
1910.607	 1933.256	 1938.955	 1959.475	 1983.821	 1996.992	 2020.771	 2031.025	 2043.879	 2064.605	 2083.457	 2086.207	 2098.746	 2124.413	 2122.914	 2131.879	 2150.697	 2151.113	 2137.417	 2153.256	 2161.84	 2169.198	 2164.374	 2183.469	 2180.493	 2181.907

F10
1630.148	 1633.35	 1627.191	 1632.834	 1639.117	 1631.278	 1637.279	 1632.919	 1639.475	 1629.312	 1632.568	 1619.286	 1630.728
1700.368	 1705.927	 1719.549	 1735.134	 1745.519	 1772.083	 1781.357	 1790.077	 1805.844	 1822.873	 1828.262	 1841.278	 1839.034	 1847.304	 1858.886	 1881.508	 1886.53	 1887.71	 1890.479	 1900.241	 1900.073	 1905.442	 1908.735	 1914.087	 1928.242	 1921.056	 1926.154

G10
1843.05	 1835.152	 1832.899	 1837.275	 1852.698	 1840.071	 1839.142	 1848.617	 1836.504	 1846.494	 1842.21	 1830.778	 1840.581
1843.941	 1863.682	 1864.896	 1878.413	 1897.172	 1900.815	 1923.087	 1935.571	 1955.608	 1956.422	 1988.955	 1997.789	 2011.017	 2018.048	 2041.922	 2061.455	 2060.016	 2087.066	 2086.978	 2100.788	 2111.998	 2110.217	 2121.135	 2133.039	 2133.914	 2138.284	 2143.406

H10
1641.119	 1638.572	 1630.013	 1640.183	 1640.151	 1643.091	 1645.937	 1639.426	 1644.927	 1633.993	 1641.646	 1643.737	 1647.52
1761.632	 1784.467	 1782.38	 1807.778	 1816.88	 1832.101	 1841.945	 1865.216	 1863.802	 1886.282	 1892.882	 1894.572	 1902.91	 1921.612	 1918.53	 1929.493	 1933.752	 1943.024	 1947.11	 1943.355	 1958.056	 1957.592	 1961.061	 1952.167	 1951.243	 1956.203	 1946.578

