A1
1597.931	 1608.298	 1603.707	 1599.556	 1617.287	 1600.784	 1602.212	 1616.332	 1616.719	 1605.844	 1612.745	 1602.471	 1615.078
1627.202	 1626.623	 1641.398	 1652.645	 1668.36	 1674.068	 1680.48	 1685.434	 1690.644	 1707.725	 1715.388	 1721.995	 1738.236	 1728.809	 1742.85	 1755.619	 1769.311	 1754.216	 1779.893	 1790.431	 1798.731	 1814.251	 1806.268	 1815.81	 1825.48	 1828.821	 1837.566

B1
1532.633	 1537.567	 1528.819	 1528.3	 1534.671	 1520.153	 1523.275	 1543.55	 1536.414	 1528.672	 1535.907	 1529.228	 1536.647
1577.463	 1579.37	 1591.027	 1600.962	 1600.505	 1601.624	 1624.507	 1626.373	 1638.393	 1642.152	 1649.712	 1661.022	 1661.793	 1666.638	 1690.076	 1694.173	 1684.119	 1695.556	 1709.359	 1716.193	 1707.09	 1720.366	 1734.647	 1740.675	 1733.408	 1745.284

C1
1626.472	 1633.876	 1626.974	 1628.641	 1633.087	 1634.346	 1629.777	 1625.632	 1638.685	 1639.485	 1631.26	 1633.402	 1625.576
1686.185	 1690.571	 1698.087	 1712.939	 1716.165	 1727.506	 1734.491	 1747.036	 1744.449	 1753.269	 1773.319	 1772.693	 1777.929	 1785.605	 1798.691	 1803.331	 1810.512	 1810.246	 1832.996	 1830.249	 1843.153	 1848.942	 1862.777	 1866.28	 1872.165	 1871.677

D1
1453.999	 1464.023	 1456.232	 1472.197	 1461.16	 1464.662	 1468.426	 1465.845	 1465.156	 1466.137	 1470.408	 1463.794	 1459.624	 1462.183
1526.393	 1534.288	 1533.32	 1537.319	 1552.993	 1552.145	 1563.762	 1571.443	 1574.255	 1577.093	 1593.827	 1597.906	 1600.968	 1616.67	 1614.157	 1627.901	 1629.117	 1640.751	 1646.887	 1647.671	 1655.169	 1659.812	 1670.143	 1669.977	 1669.682	 1683.191

E1
46.54	 47.551	 46.85	 47.491	 46.884	 47.862	 47.018	 47.158	 46.84	 47.522	 47.238	 46.727	 47.183
57.52	 56.467	 56.176	 56.866	 56.182	 55.187	 56.022	 55.63	 56.26	 55.979	 55.481	 56.154	 56.164	 55.757	 55.486	 56.365	 55.961	 56.286	 55.652	 56.372	 55.53	 56.387	 55.437	 56.658	 54.838	 56.627

F1
48.299	 47.764	 48.719	 48.637	 47.38	 48.66	 47.453	 48.853	 47.918	 47.672	 48.255	 48.305	 48.058
61.847	 62.307	 61.001	 61.621	 61.328	 62.111	 61.368	 62.074	 60.895	 61.481	 61.375	 60.422	 61.955	 61.665	 61.469	 61.093	 61.825	 60.519	 62.206	 61.579	 61.744	 61.953	 61.525	 61.447	 60.746	 60.453

G1
47.466	 48.026	 47.376	 47.757	 48.07	 47.35	 47.67	 47.753	 47.354	 47.249	 47.963	 48.144	 47.182
62.373	 62.355	 62.518	 61.379	 61.772	 61.835	 62.047	 62.007	 61.392	 62.532	 62.016	 61.356	 61.847	 62.451	 62.19	 62.069	 62.377	 60.291	 63.014	 60.722	 62.326	 63.02	 61.146	 62.004	 61.166	 61.638

H1
47.873	 46.47	 46.972	 47.573	 46.976	 47.222	 46.085	 47.235	 47.387	 46.438	 47.067	 45.843	 47.17
60.043	 60.168	 60.457	 59.656	 59.445	 58.984	 59.537	 60.133	 58.545	 59.284	 60.252	 59.758	 59.585	 59.239	 59.251	 59.536	 59.149	 59.49	 58.823	 59.646	 59.274	 59.453	 58.666	 58.897	 58.937	 59.305	 57.442

A2
1727.517	 1742.539	 1731.034	 1743.921	 1735.639	 1740.394	 1738.978	 1725.807	 1736.797	 1742.008	 1730.004	 1737.109	 1741.843
1763.08	 1769.936	 1780.062	 1789.542	 1800.045	 1801.67	 1809.968	 1821.217	 1838.371	 1837.637	 1836.956	 1841.385	 1857.853	 1868.456	 1882.513	 1882.729	 1884.898	 1897.307	 1906.439	 1909.3	 1917.654	 1917.873	 1937.506	 1936.835	 1942.048	 1946.196

B2
1762.042	 1753.544	 1759.369	 1755.812	 1758.358	 1746.853	 1763.711	 1751.72	 1750.564	 1749.083	 1765.716	 1755.321	 1769.902	 1769.502
1801.283	 1816.71	 1818.241	 1824.869	 1827.427	 1843.302	 1850.207	 1857.423	 1859.437	 1864.92	 1878.597	 1890.213	 1903.163	 1902.159	 1916.067	 1922.469	 1935.294	 1935.917	 1949.471	 1943.216	 1952.419	 1957.752	 1982.756	 1980.064	 1986.006	 1965.996

C2
1883.461	 1890.197	 1882.861	 1888.284	 1884.362	 1885.414	 1899.965	 1887.406	 1885.124	 1892.488	 1889.516	 1882.249	 1901.257
1927.54	 1917.734	 1942.188	 1950.626	 1957.647	 1970.617	 1983.362	 1988.229	 2005.72	 2003.101	 2012.778	 2024.443	 2021.503	 2033.343	 2046.207	 2062.238	 2068.234	 2068.403	 2073.742	 2094.503	 2091.423	 2097.716	 2116.114	 2118.018	 2127.104	 2128.236

D2
1670.815	 1668.79	 1673.133	 1684.602	 1681.281	 1674.7	 1670.085	 1671.222	 1678.517	 1678.933	 1681.073	 1664.089	 1681.129
1752.892	 1751.127	 1766.34	 1767.849	 1780.174	 1796.094	 1801.015	 1813.677	 1814.875	 1822.87	 1837.528	 1838.52	 1851.747	 1862.63	 1865.505	 1880.13	 1869.886	 1893.976	 1894.686	 1884.521	 1897.569	 1908.72	 1917.799	 1917.563	 1920.802	 1935.801

E2
48.99	 48.686	 48.624	 49.252	 49.312	 48.598	 50.084	 48.915	 48.841	 49.508	 49.006	 48.958	 48.479
57.386	 57.001	 57.787	 58.443	 58.123	 57.451	 57.358	 56.606	 57.302	 56.833	 57.932	 56.992	 57.034	 57.707	 57.977	 57.335	 56.891	 57.351	 57.679	 56.703	 58.079	 56.702	 56.26	 56.459	 57.312	 57.185

F2
49.609	 50.357	 49.892	 49.458	 49.663	 49.88	 50.044	 49.703	 49.751	 49.119	 49.717	 49.986	 50.016
61.765	 62.219	 63.862	 61.802	 62.556	 62.003	 61.871	 62.307	 62.762	 62.279	 62.434	 62.437	 63.006	 62.309	 62.507	 62.297	 62.179	 62.846	 62.447	 62.091	 62.341	 61.499	 62.668	 61.832	 61.849	 61.432	 61.601

G2
50.195	 49.891	 51.004	 50.301	 50.195	 49.758	 49.201	 49.808	 49.534	 50.768	 49.54	 50.983	 49.446
63.389	 63.203	 63.8	 62.096	 61.728	 62.037	 63.328	 63.606	 62.167	 61.915	 63.381	 61.799	 60.965	 61.999	 62.081	 61.076	 60.53	 62.103	 60.442	 60.429	 60.302	 60.883	 62.203	 59.718	 59.995	 60.321	 60.39

H2
47.622	 48.237	 49.017	 49.221	 48.058	 47.928	 49.041	 48.511	 47.157	 48.379	 48.077	 48.434	 49.08
61.07	 61.249	 60.956	 60.589	 60.435	 61.334	 61.382	 61.355	 60.358	 60.112	 59.906	 60.162	 60.954	 59.966	 61.42	 59.433	 61.083	 59.586	 61.935	 60.05	 60.786	 60.106	 60.799	 59.327	 59.756	 59.741	 59.586

A3
1625.94	 1628.849	 1626.54	 1632.708	 1628.923	 1634.594	 1620.13	 1633.415	 1627.419	 1635.213	 1617.246	 1624.977	 1630.656
1684.827	 1698.463	 1698.454	 1698.184	 1708.502	 1711.16	 1718.59	 1741.084	 1737.382	 1742.517	 1749.212	 1759.625	 1763.068	 1756.63	 1778.289	 1777.153	 1773.278	 1794.715	 1812.505	 1801.54	 1808.04	 1819.422	 1829.914	 1833.103	 1838.526	 1838.541

B3
1643.957	 1650.277	 1644.213	 1640.409	 1636.969	 1648.031	 1651.946	 1647.665	 1644.134	 1652.465	 1651.084	 1654.727	 1642.166
1695.328	 1692.704	 1700.546	 1709.008	 1712.884	 1720.619	 1721.34	 1736.361	 1739.77	 1747.102	 1756.921	 1758.187	 1764.698	 1768.729	 1776.01	 1786.473	 1802.989	 1793.256	 1807.24	 1803.544	 1819.448	 1815.312	 1831.146	 1831.941	 1838.197	 1827.105

C3
1787.756	 1787.414	 1793.321	 1790.276	 1784.064	 1789.426	 1786.671	 1798.778	 1791.512	 1780.207	 1805.539	 1788.757	 1799.386	 1796.96
1867.743	 1886.658	 1896.509	 1895.107	 1916.617	 1911.132	 1926.21	 1929.336	 1943.387	 1965.686	 1950.647	 1963.657	 1961.838	 1970.671	 1984.809	 1997.756	 1995.992	 2010.855	 2005.227	 2020.167	 2016.402	 2037.819	 2033.139	 2049.854	 2044.203	 2041.61

D3
1570.003	 1580.735	 1570.698	 1579.038	 1585.416	 1569.719	 1578.192	 1577.06	 1578.44	 1576.804	 1583.243	 1584.917	 1571.49	 1588.399
1643.414	 1640.55	 1650.89	 1669.698	 1672.391	 1675.751	 1684.357	 1685.173	 1690.506	 1693.807	 1711.794	 1721.312	 1720.305	 1721.689	 1738.689	 1734.463	 1742.554	 1747.365	 1757.421	 1764.584	 1771.07	 1774.94	 1774.52	 1777.729	 1776.793	 1784.932

E3
45.444	 44.281	 44.859	 45.601	 45.523	 45.199	 45.292	 45.041	 44.804	 45.461	 45.275	 44.237	 44.554
55.328	 55.899	 55.384	 54.359	 55.89	 54.96	 54.214	 54.321	 55.451	 55.182	 54.538	 54.749	 55.636	 54.3	 55.457	 55.391	 54.965	 54.143	 54.949	 55.006	 53.633	 54.99	 53.585	 55.965	 54.333	 55.31

F3
50.483	 48.535	 48.412	 48.709	 49.082	 48.301	 49.446	 49.647	 49.056	 50.064	 48.448	 49.045	 48.861
62.102	 62.346	 59.855	 60.538	 60.488	 61.032	 59.714	 60.303	 59.297	 60.098	 60.804	 59.414	 60.808	 59.885	 60.294	 59.553	 61.584	 60.521	 59.691	 59.949	 59.617	 59.991	 60.021	 58.682	 59.059	 58.717

G3
51.523	 50.55	 51.342	 51.302	 51.316	 52.681	 51.676	 51.141	 51.644	 52.344	 51.733	 50.992	 51.985
61.267	 60.488	 61.416	 61.794	 60.605	 61.148	 60.546	 60.839	 59.67	 60.284	 59.973	 60.863	 59.606	 61.237	 59.299	 60.724	 59.652	 60.066	 60.37	 59.048	 58.998	 58.655	 58.585	 59.025	 58.56	 58.898	 57.655

H3
46.505	 46.42	 47.722	 46.717	 47.208	 46.747	 46.251	 47.096	 46.941	 48.204	 47.182	 47.374	 46.215
64.671	 64.869	 64.925	 64.321	 64.544	 64.366	 64.347	 66.066	 64.106	 65.957	 64.604	 64.591	 64.791	 64.608	 64.52	 63.699	 63.787	 64.711	 63.778	 64.667	 63.527	 64.488	 63.708	 64.641	 63.195	 63.713	 63.865

A4
1597.868	 1610.67	 1604.247	 1603.104	 1605.879	 1608.248	 1594.162	 1611.067	 1611.89	 1605.354	 1609.231	 1607.252	 1613.791
1683.414	 1684.584	 1681.637	 1706.515	 1708.251	 1714.08	 1730.495	 1724.49	 1736.579	 1736.35	 1755.232	 1752.715	 1762.027	 1765.52	 1775.679	 1781.557	 1773.455	 1783.53	 1802.764	 1798.12	 1796.916	 1812.105	 1815.312	 1818.503	 1818.566	 1830.723

B4
1734.538	 1735.8	 1735.607	 1729.989	 1730.214	 1744.783	 1732.005	 1724.387	 1723.21	 1732.991	 1723.7	 1736.86	 1729.302
1753.541	 1757.922	 1777.041	 1779.355	 1790.607	 1795.239	 1792.66	 1800.311	 1810.257	 1827.424	 1829.552	 1836.551	 1830.79	 1862.594	 1855.793	 1865.013	 1879.07	 1886.357	 1881.077	 1885.517	 1895.52	 1889.296	 1920.808	 1908.549	 1924.187	 1922.329

C4
1843.125	 1845.73	 1845.753	 1841.522	 1836.39	 1845.709	 1852.252	 1851.539	 1848.82	 1852.842	 1846.646	 1831.756	 1854.02	 1848.661
1941.88	 1952.916	 1967.505	 1969.988	 1989.587	 2002.368	 1999.299	 2007.632	 2010.586	 2031.217	 2047.653	 2050.42	 2056.254	 2060.971	 2075.626	 2072.781	 2087.296	 2086.545	 2086.591	 2100.032	 2112.782	 2117.843	 2111.994	 2126.831	 2121.067	 2118.024

D4
1676.2	 1673.892	 1672.406	 1667.546	 1675.498	 1672.095	 1681.297	 1674.502	 1673.792	 1673.043	 1692.352	 1669.529	 1681.422	 1672.921
1742.314	 1745.929	 1760.111	 1762.771	 1772.984	 1788.097	 1777.415	 1785.909	 1794.453	 1810.873	 1816.792	 1834.982	 1832.608	 1849.172	 1849.195	 1861.024	 1869.22	 1854.779	 1868.308	 1881.09	 1884.714	 1902.885	 1899.156	 1905.538	 1909.91	 1903.625

E4
53.171	 52.005	 52.022	 52.036	 51.639	 51.838	 51.983	 51.843	 50.797	 50.989	 51.061	 52.116	 51.542
58.303	 58.89	 59.448	 57.627	 59.256	 59.688	 59.249	 58.765	 58.678	 57.362	 58.0	 59.109	 58.218	 57.994	 59.026	 58.691	 57.851	 57.861	 58.771	 59.329	 58.262	 57.069	 59.523	 57.961	 59.035	 58.182

F4
52.538	 52.409	 51.842	 50.78	 51.632	 53.597	 52.209	 52.667	 51.49	 52.097	 52.28	 51.909	 51.836
60.667	 60.729	 60.136	 58.482	 59.558	 60.293	 60.988	 60.876	 60.594	 59.684	 60.312	 59.132	 59.43	 59.906	 59.45	 58.816	 58.822	 59.656	 58.488	 58.028	 59.026	 58.982	 58.853	 59.646	 58.918	 59.197

G4
52.887	 51.754	 51.324	 50.256	 51.696	 51.122	 50.831	 51.684	 51.196	 51.242	 51.235	 51.737	 51.132
62.315	 61.181	 62.382	 61.138	 60.452	 60.833	 61.008	 61.407	 60.29	 61.319	 61.549	 60.351	 61.123	 60.983	 60.451	 61.0	 61.187	 60.708	 60.877	 60.217	 60.54	 60.169	 59.408	 61.672	 59.673	 59.936

H4
53.903	 54.007	 55.087	 54.444	 53.276	 52.83	 54.288	 53.493	 54.293	 54.065	 52.735	 54.822	 54.592
66.234	 66.881	 65.794	 66.46	 65.578	 66.11	 66.477	 66.431	 65.332	 64.465	 65.028	 65.439	 64.887	 64.688	 64.417	 63.615	 64.248	 63.713	 64.181	 63.769	 64.547	 64.832	 63.821	 64.027	 63.475	 64.683	 64.25

A5
1623.521	 1633.586	 1624.527	 1624.889	 1621.172	 1625.706	 1628.697	 1619.765	 1635.107	 1621.526	 1628.414	 1617.359	 1634.504
1690.748	 1700.189	 1709.378	 1711.453	 1722.615	 1732.489	 1733.363	 1736.287	 1747.74	 1756.987	 1763.358	 1765.473	 1790.208	 1781.864	 1793.626	 1801.767	 1807.765	 1812.663	 1822.529	 1828.968	 1818.8	 1829.21	 1832.347	 1841.915	 1845.29	 1834.111

B5
1707.636	 1708.736	 1713.076	 1713.674	 1717.113	 1701.556	 1706.806	 1712.902	 1716.554	 1712.412	 1709.549	 1718.825	 1703.48
1740.458	 1750.866	 1742.245	 1757.309	 1764.674	 1781.009	 1797.074	 1784.883	 1799.25	 1804.393	 1807.123	 1832.711	 1824.038	 1833.689	 1837.006	 1864.211	 1859.803	 1873.074	 1874.594	 1881.756	 1882.852	 1885.423	 1905.757	 1904.463	 1906.62	 1918.114

C5
1757.938	 1765.04	 1762.959	 1764.182	 1764.825	 1772.674	 1772.803	 1766.483	 1767.116	 1777.549	 1767.117	 1770.207	 1766.649
1783.365	 1786.068	 1800.162	 1795.117	 1805.174	 1811.569	 1820.372	 1832.724	 1840.715	 1832.718	 1861.397	 1867.534	 1868.067	 1890.533	 1882.901	 1883.46	 1895.741	 1903.051	 1914.938	 1919.276	 1927.447	 1928.875	 1948.518	 1944.7	 1933.535	 1953.695

D5
1757.297	 1761.275	 1759.866	 1755.352	 1753.405	 1755.886	 1754.51	 1757.096	 1761.117	 1752.06	 1761.034	 1754.136	 1757.406	 1752.488
1782.93	 1791.996	 1812.187	 1819.88	 1821.401	 1833.873	 1838.957	 1852.937	 1863.183	 1867.327	 1860.247	 1886.311	 1901.274	 1901.521	 1915.127	 1927.392	 1925.097	 1934.072	 1938.635	 1964.673	 1953.349	 1960.021	 1975.239	 1980.114	 1980.455	 1984.657

E5
48.098	 46.696	 46.607	 46.361	 46.068	 47.516	 46.578	 46.834	 47.512	 46.633	 47.223	 46.333	 46.685
57.802	 57.612	 57.49	 58.39	 57.094	 57.742	 57.707	 56.896	 57.528	 56.451	 57.185	 56.703	 57.805	 58.324	 57.895	 56.425	 57.448	 57.373	 57.215	 56.323	 56.63	 55.637	 56.253	 55.874	 56.203	 55.973

F5
51.36	 51.708	 51.01	 50.81	 50.805	 50.178	 52.036	 51.063	 51.275	 50.138	 50.555	 51.4	 50.632
60.216	 59.75	 59.943	 60.362	 59.861	 59.254	 58.705	 58.938	 59.677	 59.392	 58.071	 58.142	 60.207	 59.334	 58.347	 59.158	 58.334	 58.611	 59.295	 58.363	 58.914	 59.558	 58.038	 58.452	 57.944	 58.054

G5
52.128	 51.914	 51.85	 52.193	 51.493	 51.104	 51.439	 51.534	 51.907	 50.807	 51.861	 50.544	 50.344
62.856	 63.678	 63.702	 62.8	 60.194	 60.96	 62.014	 61.643	 62.52	 60.361	 60.427	 61.019	 60.188	 61.298	 61.177	 60.419	 61.191	 61.82	 60.667	 60.363	 60.731	 59.885	 60.744	 60.096	 60.717	 59.917	 59.753

H5
48.399	 48.625	 49.373	 48.682	 50.125	 50.222	 49.42	 48.257	 48.846	 49.993	 48.805	 48.834	 49.12
59.163	 58.45	 58.299	 57.99	 58.28	 57.96	 56.724	 56.481	 57.629	 56.811	 58.237	 57.854	 56.492	 56.376	 56.101	 55.645	 56.167	 57.004	 56.6	 55.744	 56.106	 56.221	 56.362	 55.334	 56.338	 55.422	 55.03

A6
1608.533	 1616.979	 1615.651	 1615.707	 1628.214	 1619.387	 1621.855	 1612.543	 1615.236	 1617.214	 1617.525	 1613.533	 1617.553
1715.07	 1716.92	 1724.241	 1717.442	 1745.409	 1748.332	 1756.39	 1786.174	 1785.942	 1776.818	 1802.47	 1811.121	 1807.353	 1821.703	 1806.256	 1836.281	 1830.856	 1837.589	 1843.712	 1843.576	 1847.114	 1850.166	 1844.774	 1852.141	 1848.807	 1843.824

B6
1696.475	 1694.973	 1698.565	 1711.293	 1708.063	 1692.644	 1688.683	 1708.29	 1687.942	 1700.101	 1709.656	 1702.578	 1699.395	 1710.635
1727.237	 1744.729	 1754.392	 1763.795	 1784.627	 1799.043	 1795.941	 1809.82	 1828.622	 1827.699	 1817.552	 1846.761	 1850.007	 1850.392	 1873.238	 1881.401	 1879.146	 1887.821	 1896.033	 1906.979	 1910.59	 1916.048	 1926.721	 1937.758	 1937.572	 1933.474

C6
1825.532	 1830.386	 1829.168	 1825.516	 1827.823	 1816.826	 1825.69	 1829.436	 1819.179	 1827.825	 1838.247	 1822.891	 1843.083	 1826.136
1840.709	 1856.018	 1870.939	 1876.807	 1879.421	 1895.969	 1902.945	 1899.006	 1920.233	 1923.325	 1929.535	 1950.135	 1945.746	 1960.857	 1956.147	 1970.872	 1984.355	 1978.376	 1992.871	 2002.717	 2011.634	 2005.462	 2010.165	 2029.358	 2018.35	 2039.671

D6
1736.087	 1720.262	 1720.203	 1728.17	 1734.921	 1723.69	 1724.025	 1716.638	 1732.768	 1725.582	 1720.998	 1731.358	 1724.851
1807.471	 1823.985	 1837.903	 1833.763	 1841.462	 1869.677	 1861.575	 1874.838	 1892.101	 1900.888	 1902.098	 1912.614	 1931.497	 1933.106	 1936.955	 1950.187	 1955.003	 1954.446	 1962.94	 1965.642	 1975.321	 1969.03	 1971.866	 1963.489	 1960.908	 1966.843

E6
46.696	 45.903	 46.488	 46.086	 47.516	 46.829	 47.199	 46.076	 46.639	 46.244	 46.659	 46.785	 46.411
60.173	 60.832	 61.201	 59.904	 60.906	 59.854	 60.683	 59.849	 59.6	 60.629	 59.335	 59.85	 59.619	 59.105	 58.554	 58.068	 59.661	 58.487	 58.747	 58.086	 58.844	 58.556	 57.966	 57.219	 58.622	 58.399

F6
52.012	 52.072	 52.224	 50.911	 52.293	 52.491	 52.233	 50.953	 52.164	 51.743	 51.625	 51.477	 51.667
63.415	 64.369	 63.442	 63.613	 62.969	 63.024	 62.589	 61.961	 62.406	 62.516	 62.528	 61.786	 61.393	 61.463	 61.565	 62.392	 61.962	 61.108	 62.104	 62.14	 61.982	 62.285	 62.138	 60.166	 61.16	 61.341	 60.714

G6
51.071	 51.062	 53.052	 51.032	 50.807	 52.66	 51.656	 51.609	 50.401	 52.197	 53.048	 53.353	 50.953
65.451	 65.317	 63.586	 64.885	 64.927	 63.45	 64.777	 63.934	 63.774	 63.891	 63.274	 64.538	 64.099	 64.461	 63.819	 65.461	 63.875	 64.734	 65.396	 63.272	 63.405	 64.017	 64.39	 64.545	 62.956	 63.284	 64.182

H6
55.061	 54.569	 54.139	 54.08	 54.955	 55.11	 53.864	 54.73	 54.43	 53.641	 53.824	 53.91	 53.68
67.322	 66.785	 65.877	 64.82	 65.012	 66.005	 66.376	 65.502	 65.224	 64.778	 64.924	 63.364	 63.382	 63.077	 64.259	 61.725	 63.629	 63.513	 63.748	 62.218	 63.544	 61.324	 63.755	 62.526	 61.727	 62.249	 61.905

A7
1702.273	 1701.367	 1703.653	 1696.29	 1702.311	 1707.191	 1700.961	 1717.216	 1700.208	 1689.635	 1706.509	 1703.295	 1703.64
1658.832	 1681.034	 1675.037	 1677.748	 1687.806	 1717.085	 1700.828	 1715.438	 1712.022	 1736.601	 1745.859	 1745.429	 1758.695	 1765.996	 1773.14	 1789.195	 1787.747	 1793.033	 1813.562	 1817.723	 1827.352	 1828.115	 1832.329	 1834.868	 1849.207	 1850.757

B7
1748.68	 1743.169	 1737.203	 1737.139	 1740.638	 1750.36	 1738.361	 1752.046	 1746.389	 1753.319	 1751.637	 1748.442	 1755.255	 1740.84
1778.658	 1794.038	 1801.69	 1814.832	 1824.654	 1830.572	 1838.265	 1845.962	 1859.935	 1867.024	 1887.462	 1888.808	 1894.949	 1905.882	 1910.44	 1930.078	 1939.23	 1932.497	 1961.167	 1947.591	 1959.886	 1961.679	 1970.162	 1963.162	 1972.156	 1975.507

C7
1789.744	 1791.627	 1782.167	 1782.624	 1783.403	 1792.435	 1796.501	 1778.312	 1778.525	 1790.912	 1796.083	 1795.506	 1789.202
1825.003	 1830.802	 1852.073	 1856.468	 1864.431	 1876.213	 1888.77	 1892.621	 1907.721	 1910.839	 1918.672	 1932.522	 1937.084	 1961.271	 1949.739	 1975.261	 1975.429	 1977.311	 1968.27	 1981.332	 1993.469	 1993.226	 1996.601	 1998.124	 1991.583	 2002.64

D7
1842.794	 1833.906	 1838.355	 1849.253	 1851.281	 1841.099	 1844.671	 1845.399	 1844.547	 1843.797	 1830.879	 1837.729	 1845.546
1926.598	 1931.111	 1952.088	 1957.631	 1972.076	 1984.592	 1989.179	 1997.632	 2008.998	 2025.045	 2037.98	 2031.589	 2058.806	 2049.731	 2065.916	 2077.707	 2081.448	 2075.865	 2065.006	 2086.409	 2083.667	 2080.113	 2078.402	 2082.191	 2078.654	 2058.961

E7
46.082	 45.825	 45.043	 45.925	 46.044	 46.158	 46.293	 45.874	 45.239	 45.159	 45.3	 45.804	 46.257
60.438	 59.858	 60.118	 59.472	 60.512	 60.089	 60.821	 60.321	 60.948	 58.35	 59.93	 58.607	 59.075	 60.197	 60.359	 59.078	 59.466	 59.167	 59.537	 59.74	 58.957	 57.424	 58.959	 59.228	 58.521	 58.811

F7
46.452	 46.686	 46.357	 46.17	 47.398	 47.097	 47.048	 46.043	 46.676	 46.297	 46.891	 45.963	 46.855
64.631	 64.94	 63.406	 62.837	 64.125	 63.564	 63.817	 63.581	 64.103	 63.997	 64.267	 62.782	 62.78	 63.134	 63.303	 63.08	 63.373	 63.652	 63.094	 63.457	 62.049	 62.404	 61.314	 62.663	 62.395	 61.461	 61.965

G7
52.213	 52.672	 52.67	 53.205	 53.996	 53.13	 52.449	 52.618	 52.579	 52.644	 52.116	 52.933	 52.924
65.982	 67.011	 64.881	 66.433	 65.992	 65.009	 65.665	 65.537	 65.512	 65.494	 65.526	 66.421	 64.906	 65.437	 65.784	 64.962	 64.452	 65.271	 64.476	 63.553	 65.463	 65.19	 64.765	 65.26	 64.787	 64.372	 64.049

H7
48.94	 48.171	 49.391	 48.758	 49.365	 49.413	 48.759	 49.364	 48.706	 49.014	 48.688	 49.012	 49.135
67.075	 67.137	 67.251	 67.033	 67.373	 67.249	 68.387	 66.972	 67.276	 66.605	 67.252	 66.541	 67.325	 67.561	 66.758	 66.546	 65.975	 66.54	 65.725	 66.046	 64.616	 65.365	 65.591	 66.49	 64.977	 66.821

A8
1690.767	 1691.685	 1692.648	 1680.4	 1686.071	 1684.732	 1691.08	 1702.969	 1682.667	 1682.976	 1686.309	 1690.911	 1696.24
1682.811	 1699.369	 1711.146	 1718.509	 1709.398	 1730.745	 1753.358	 1758.038	 1767.25	 1777.291	 1785.932	 1790.108	 1804.77	 1826.102	 1811.479	 1829.436	 1841.126	 1842.071	 1851.683	 1848.542	 1857.593	 1863.468	 1860.298	 1859.809	 1876.489	 1851.315

B8
1754.655	 1760.716	 1762.758	 1766.109	 1755.726	 1763.145	 1764.476	 1754.298	 1755.361	 1756.804	 1760.149	 1776.629	 1767.284
1742.629	 1773.194	 1785.842	 1782.696	 1783.088	 1800.163	 1813.682	 1819.515	 1825.145	 1844.6	 1850.868	 1859.889	 1856.761	 1870.266	 1872.839	 1878.337	 1890.41	 1904.945	 1911.042	 1909.334	 1915.232	 1924.978	 1921.69	 1919.938	 1926.278	 1918.728

C8
1800.751	 1798.198	 1794.673	 1798.602	 1806.296	 1803.273	 1803.715	 1782.282	 1796.991	 1802.67	 1795.637	 1799.381	 1786.308	 1802.65
1841.29	 1849.368	 1860.625	 1858.524	 1878.961	 1885.833	 1910.717	 1907.676	 1933.191	 1930.419	 1933.995	 1964.13	 1953.438	 1955.056	 1978.307	 1986.037	 1980.099	 1997.3	 2000.224	 2010.098	 1991.616	 1999.401	 1998.961	 2004.766	 2000.819	 1984.257

D8
1818.878	 1807.721	 1825.786	 1808.513	 1820.545	 1818.229	 1812.262	 1816.369	 1814.118	 1822.093	 1817.726	 1819.53	 1823.508	 1820.951
1906.554	 1923.154	 1939.077	 1945.395	 1959.877	 1976.518	 1982.096	 2006.303	 2009.721	 2004.391	 2035.664	 2042.181	 2059.966	 2059.088	 2066.717	 2079.735	 2070.129	 2079.903	 2064.312	 2070.976	 2079.093	 2078.093	 2070.572	 2060.022	 2058.007	 2062.597

E8
53.554	 53.641	 53.983	 53.758	 54.112	 53.172	 53.027	 52.84	 54.248	 52.668	 53.53	 53.739	 53.107
61.698	 61.347	 61.752	 61.289	 61.123	 61.818	 62.382	 61.06	 62.163	 60.405	 62.319	 60.354	 60.543	 60.073	 60.033	 59.815	 59.791	 60.552	 59.002	 59.236	 58.939	 58.316	 59.466	 58.658	 59.182	 58.587

F8
59.415	 60.66	 61.15	 59.773	 60.889	 60.006	 60.064	 59.04	 59.506	 59.737	 58.756	 60.239	 59.413
63.888	 64.17	 62.481	 63.34	 63.056	 63.204	 63.472	 64.275	 62.167	 62.72	 63.036	 64.091	 63.806	 62.691	 63.183	 62.425	 62.18	 62.288	 62.514	 61.85	 63.393	 62.601	 63.66	 61.765	 63.003	 62.125

G8
51.642	 51.56	 50.371	 50.579	 52.364	 50.553	 51.273	 51.018	 51.327	 51.022	 51.931	 50.937	 50.684
61.826	 61.034	 62.758	 62.119	 63.033	 62.032	 61.688	 61.555	 62.247	 61.119	 61.268	 61.631	 61.336	 60.553	 62.778	 61.024	 61.225	 60.676	 61.105	 61.991	 60.738	 60.734	 61.387	 62.164	 60.67	 60.174	 60.845

H8
51.867	 51.803	 51.171	 52.485	 50.724	 51.725	 51.947	 52.505	 51.695	 51.484	 52.426	 51.983	 51.753
65.85	 65.297	 65.863	 65.73	 65.676	 65.602	 65.979	 65.455	 64.682	 66.432	 65.208	 65.47	 65.077	 65.663	 64.488	 64.805	 64.583	 65.19	 65.661	 64.941	 64.898	 63.693	 65.855	 64.781	 64.359	 63.378	 64.155

A9
1634.855	 1631.658	 1627.358	 1645.094	 1638.657	 1638.025	 1625.578	 1620.246	 1629.834	 1637.148	 1634.713	 1641.356	 1631.913
1725.094	 1740.796	 1743.469	 1762.304	 1783.469	 1794.544	 1786.852	 1807.962	 1808.2	 1819.885	 1816.731	 1831.088	 1840.13	 1833.178	 1840.465	 1845.002	 1834.461	 1817.146	 1826.07	 1830.324	 1815.322	 1813.702	 1808.326	 1802.15	 1785.146	 1781.531

B9
1703.175	 1697.737	 1703.56	 1699.117	 1697.696	 1698.951	 1700.106	 1686.579	 1694.786	 1690.219	 1693.044	 1693.503	 1703.695
1719.926	 1733.884	 1733.22	 1745.546	 1767.745	 1773.875	 1777.058	 1782.919	 1805.747	 1812.306	 1819.433	 1830.56	 1832.411	 1845.83	 1851.843	 1877.572	 1866.961	 1875.705	 1879.029	 1881.302	 1883.598	 1882.098	 1897.044	 1868.646	 1888.976	 1895.078

C9
1766.981	 1757.727	 1758.797	 1765.807	 1763.402	 1757.098	 1758.01	 1762.608	 1763.928	 1756.704	 1755.536	 1764.536	 1750.573	 1743.143
1809.697	 1830.657	 1845.877	 1840.684	 1860.846	 1868.528	 1906.763	 1902.814	 1915.944	 1919.415	 1917.004	 1934.044	 1929.605	 1952.142	 1953.036	 1953.392	 1957.871	 1968.468	 1968.797	 1974.855	 1968.751	 1957.761	 1972.76	 1976.948	 1948.197	 1965.982

D9
1687.055	 1680.871	 1687.446	 1683.523	 1679.083	 1685.415	 1675.673	 1691.879	 1689.153	 1679.888	 1668.812	 1692.128	 1682.968
1737.759	 1744.838	 1756.989	 1767.317	 1768.998	 1777.094	 1798.042	 1802.766	 1825.597	 1816.306	 1823.363	 1842.871	 1846.259	 1849.448	 1857.49	 1858.7	 1864.152	 1869.127	 1861.796	 1867.444	 1867.214	 1856.893	 1852.714	 1869.546	 1855.75	 1846.839

E9
49.046	 49.049	 48.65	 48.85	 48.855	 48.589	 48.607	 48.719	 48.877	 48.671	 48.083	 49.047	 47.859
62.146	 61.184	 63.057	 61.806	 63.012	 62.663	 61.398	 63.06	 62.231	 62.298	 62.989	 62.331	 62.457	 60.631	 61.076	 61.141	 62.178	 61.779	 62.308	 60.797	 60.603	 60.876	 61.107	 60.683	 60.808	 61.096

F9
55.193	 55.137	 54.911	 54.762	 54.794	 55.307	 54.78	 54.349	 54.741	 54.384	 55.292	 54.127	 53.957
64.458	 65.38	 62.554	 63.238	 63.848	 64.386	 62.841	 63.354	 62.84	 62.979	 63.27	 63.109	 62.416	 63.305	 61.631	 62.256	 62.807	 63.147	 63.461	 62.76	 62.458	 62.759	 62.473	 62.17	 62.016	 60.672

G9
50.927	 50.023	 51.735	 51.709	 51.6	 50.618	 51.991	 50.462	 49.893	 50.825	 50.701	 51.423	 51.199
57.817	 59.132	 58.67	 57.949	 58.93	 57.893	 57.647	 57.782	 57.537	 57.608	 58.337	 57.82	 57.931	 56.32	 58.03	 56.753	 57.636	 56.922	 56.6	 57.35	 56.179	 56.897	 55.998	 57.019	 55.107	 56.46	 55.775

H9
48.85	 47.728	 49.13	 49.682	 50.784	 48.735	 49.01	 49.548	 49.357	 49.227	 49.462	 49.398	 49.316
64.098	 63.766	 63.647	 64.56	 65.577	 64.295	 62.72	 63.734	 63.892	 63.887	 62.536	 63.001	 62.475	 62.396	 62.039	 61.978	 62.575	 61.936	 61.386	 61.274	 62.055	 60.98	 62.068	 61.739	 61.369	 61.549	 61.135

A10
1527.788	 1519.721	 1518.315	 1532.38	 1524.035	 1521.913	 1523.841	 1531.057	 1517.704	 1521.482	 1526.785	 1530.222	 1527.637
1586.856	 1593.631	 1598.988	 1615.981	 1613.463	 1629.525	 1636.994	 1636.297	 1637.829	 1659.013	 1650.809	 1660.356	 1674.373	 1655.608	 1674.966	 1663.196	 1665.139	 1669.444	 1665.214	 1658.436	 1663.776	 1649.017	 1654.285	 1641.953	 1644.191	 1632.876

B10
1562.178	 1567.905	 1571.142	 1567.677	 1554.909	 1555.125	 1564.998	 1571.853	 1568.243	 1564.517	 1571.028	 1568.121	 1560.619
1619.158	 1640.484	 1653.503	 1658.066	 1673.154	 1679.922	 1687.496	 1688.51	 1691.451	 1708.331	 1709.808	 1715.735	 1718.804	 1726.819	 1727.654	 1733.891	 1734.29	 1727.322	 1734.403	 1730.586	 1733.426	 1717.643	 1713.692	 1710.228	 1703.188	 1699.27

C10
1628.699	 1633.898	 1627.459	 1624.158	 1628.616	 1629.243	 1626.903	 1623.74	 1637.821	 1634.382	 1635.473	 1626.456	 1636.156	 1632.247
1661.366	 1675.063	 1673.844	 1681.3	 1691.651	 1698.822	 1723.071	 1721.659	 1729.246	 1749.75	 1747.3	 1750.625	 1758.773	 1773.415	 1779.69	 1777.699	 1792.411	 1805.453	 1797.594	 1808.522	 1807.226	 1805.735	 1806.234	 1800.447	 1793.238	 1807.822

D10
1510.843	 1510.449	 1502.351	 1527.034	 1520.269	 1526.303	 1510.733	 1515.909	 1522.838	 1510.737	 1512.143	 1526.608	 1521.131
1530.772	 1537.007	 1556.67	 1570.907	 1579.047	 1593.063	 1613.203	 1623.524	 1619.688	 1634.255	 1635.858	 1646.956	 1660.259	 1660.924	 1665.294	 1674.952	 1677.529	 1687.441	 1678.95	 1690.878	 1680.701	 1686.573	 1679.133	 1673.407	 1672.455	 1669.506

E10
45.929	 47.765	 47.775	 46.465	 47.316	 47.184	 47.044	 46.739	 47.126	 48.107	 47.021	 47.641	 47.764
56.547	 56.493	 57.552	 56.47	 57.606	 57.349	 56.143	 58.727	 56.372	 55.958	 56.943	 57.227	 56.711	 55.338	 57.22	 57.126	 55.276	 57.525	 56.829	 55.686	 56.713	 56.791	 56.975	 56.31	 57.068	 56.78

F10
48.472	 48.631	 47.887	 48.165	 48.608	 48.452	 48.628	 47.783	 48.156	 48.663	 48.813	 48.758	 48.65
60.061	 59.378	 60.011	 60.628	 60.764	 59.917	 59.87	 58.689	 60.593	 59.266	 60.538	 59.763	 60.697	 59.765	 59.456	 59.231	 58.478	 58.641	 59.25	 59.196	 59.786	 59.348	 58.756	 59.456	 58.809	 57.882

G10
52.848	 52.536	 52.184	 51.63	 52.755	 52.111	 51.464	 52.847	 52.442	 52.606	 51.813	 51.333	 52.479
61.994	 62.739	 60.816	 61.392	 62.098	 62.243	 60.847	 60.625	 60.742	 59.819	 61.34	 60.507	 60.697	 60.013	 60.077	 61.361	 60.694	 59.776	 60.133	 59.672	 59.529	 60.105	 58.616	 59.454	 58.683	 59.51	 58.009

H10
52.684	 51.994	 52.095	 51.756	 51.461	 52.208	 52.368	 51.407	 51.871	 51.758	 52.627	 51.884	 50.722
65.95	 64.373	 65.617	 65.722	 64.241	 64.69	 64.857	 65.865	 64.922	 63.238	 63.795	 64.223	 63.432	 64.688	 63.57	 63.168	 63.747	 64.588	 62.303	 62.491	 63.439	 62.143	 62.43	 62.445	 62.631	 61.897	 62.34

