A1
1194.975	 1194.293	 1197.28	 1199.922	 1193.296	 1194.703	 1190.3	 1203.717	 1194.152	 1201.885	 1198.724	 1192.773	 1201.928
1231.879	 1231.623	 1240.079	 1253.139	 1249.93	 1255.321	 1262.479	 1272.644	 1284.646	 1279.174	 1299.924	 1302.952	 1303.098	 1317.581	 1328.075	 1323.355	 1332.775	 1351.876	 1359.39	 1357.746	 1367.98	 1379.553	 1372.813	 1389.609	 1388.354	 1397.124	 1395.684	 1409.776	 1404.804	 1423.907	 1420.981	 1422.785	 1419.912	 1429.744	 1421.623	 1431.469	 1431.099	 1432.658	 1428.298	 1425.774	 1425.333	 1427.83	 1402.876	 1414.705	 1407.331	 1397.65	 1394.784	 1386.867	 1377.424	 1369.28	 1353.371	 1356.771

B1
1213.809	 1223.79	 1215.174	 1215.005	 1230.83	 1222.153	 1217.655	 1224.912	 1219.311	 1214.549	 1224.91	 1206.701	 1223.691
1258.818	 1260.783	 1265.799	 1271.369	 1269.965	 1285.623	 1294.3	 1290.472	 1310.411	 1308.155	 1321.666	 1328.869	 1330.401	 1340.225	 1347.379	 1364.513	 1364.383	 1366.792	 1386.397	 1385.589	 1393.512	 1400.656	 1416.53	 1421.273	 1430.469	 1420.283	 1432.642	 1453.364	 1444.34	 1454.608	 1460.977	 1463.434	 1468.622	 1471.045	 1471.288	 1468.038	 1466.079	 1475.458	 1470.193	 1457.945	 1470.609	 1463.349	 1465.913	 1458.946	 1452.716	 1444.261	 1437.842	 1426.951	 1426.517	 1416.973	 1403.428	 1391.398

C1
1042.536	 1041.605	 1035.731	 1043.967	 1039.404	 1036.239	 1052.642	 1043.448	 1042.761	 1044.801	 1040.78	 1047.837	 1041.214
1077.298	 1092.09	 1095.927	 1105.0	 1111.625	 1112.594	 1117.083	 1125.67	 1132.584	 1132.368	 1142.185	 1147.931	 1150.353	 1148.812	 1153.501	 1167.597	 1179.434	 1179.582	 1185.299	 1190.312	 1197.335	 1203.084	 1204.328	 1211.912	 1217.519	 1213.316	 1224.999	 1234.189	 1224.284	 1223.283	 1231.979	 1230.48	 1224.962	 1230.867	 1219.994	 1221.148	 1214.757	 1217.9	 1201.287	 1202.248	 1197.439	 1192.05	 1177.718	 1181.684	 1164.227	 1160.89	 1148.856	 1135.623	 1128.724	 1119.589	 1105.803	 1099.001	 1089.256

D1
1102.215	 1111.633	 1102.797	 1102.504	 1094.705	 1101.661	 1099.28	 1093.027	 1106.918	 1102.48	 1103.107	 1107.955	 1100.853	 1090.735
1125.381	 1131.439	 1140.882	 1136.092	 1143.859	 1156.848	 1153.768	 1162.17	 1166.768	 1181.641	 1176.682	 1187.869	 1189.389	 1195.809	 1207.448	 1206.364	 1228.479	 1230.652	 1230.987	 1241.723	 1251.073	 1250.948	 1261.627	 1269.242	 1278.83	 1272.897	 1289.409	 1297.287	 1296.807	 1294.398	 1286.039	 1302.901	 1298.07	 1305.04	 1301.932	 1312.42	 1310.464	 1304.205	 1290.589	 1298.806	 1294.096	 1290.197	 1283.844	 1279.737	 1277.162	 1270.162	 1260.237	 1257.158	 1246.786	 1235.953	 1231.124	 1219.844	 1220.081

E1
1190.026	 1188.223	 1184.2	 1173.477	 1187.153	 1190.288	 1180.953	 1179.108	 1179.54	 1184.943	 1180.515	 1167.183	 1179.399	 1180.319
1258.338	 1272.006	 1272.482	 1283.27	 1282.619	 1296.846	 1299.657	 1309.17	 1313.836	 1323.145	 1326.742	 1334.365	 1344.766	 1358.035	 1352.777	 1358.339	 1374.791	 1380.797	 1388.223	 1394.583	 1401.042	 1402.446	 1398.593	 1400.271	 1409.428	 1409.884	 1409.856	 1409.37	 1405.948	 1396.74	 1397.705	 1383.09	 1378.756	 1375.299	 1364.329	 1351.569	 1340.14	 1328.936	 1323.978	 1314.67	 1289.905	 1281.122	 1257.51	 1249.69	 1240.372	 1218.581	 1209.311	 1190.023	 1178.168	 1161.485	 1144.823	 1130.234	 1114.363

F1
1558.019	 1573.885	 1567.647	 1581.363	 1579.734	 1574.024	 1580.576	 1579.501	 1565.839	 1575.385	 1571.882	 1574.141	 1576.842
1660.258	 1671.768	 1697.901	 1686.89	 1693.692	 1703.005	 1710.026	 1717.459	 1735.924	 1738.523	 1739.755	 1759.47	 1771.179	 1779.634	 1777.712	 1797.77	 1807.43	 1815.694	 1820.12	 1824.575	 1831.516	 1842.076	 1846.861	 1851.492	 1856.766	 1857.795	 1869.211	 1869.515	 1875.4	 1876.54	 1864.264	 1860.316	 1868.216	 1874.917	 1849.522	 1841.906	 1842.072	 1840.361	 1824.032	 1826.4	 1797.552	 1798.756	 1779.69	 1763.783	 1762.97	 1748.514	 1740.662	 1710.381	 1713.07	 1701.627	 1675.379	 1658.84	 1649.335

G1
1295.262	 1297.095	 1302.113	 1301.317	 1290.673	 1297.512	 1294.899	 1298.873	 1293.127	 1300.51	 1287.61	 1294.354	 1285.714
1361.177	 1373.56	 1381.454	 1383.321	 1401.522	 1408.77	 1409.89	 1418.029	 1426.865	 1439.59	 1440.802	 1458.319	 1462.871	 1481.501	 1471.589	 1475.786	 1480.293	 1488.554	 1489.06	 1486.109	 1487.042	 1481.452	 1465.211	 1463.243	 1439.401	 1430.411	 1419.539	 1394.953	 1369.918	 1355.121	 1347.226	 1318.956	 1303.319	 1263.887	 1248.102	 1229.124	 1208.376	 1187.369	 1162.435	 1137.626	 1124.345	 1100.295	 1083.435	 1064.076	 1045.579	 1024.377	 1012.631	 996.453	 984.334	 959.572	 948.594	 935.66	 922.966

H1
1250.364	 1245.596	 1244.991	 1238.327	 1242.103	 1230.707	 1230.117	 1233.047	 1232.956	 1241.874	 1232.764	 1242.052	 1238.226
1312.406	 1304.923	 1323.946	 1324.004	 1333.531	 1336.819	 1345.833	 1354.39	 1357.228	 1371.911	 1367.183	 1380.603	 1388.24	 1399.119	 1405.729	 1404.147	 1407.979	 1421.28	 1410.581	 1421.745	 1432.462	 1420.466	 1419.102	 1414.909	 1413.161	 1405.191	 1390.361	 1375.138	 1354.695	 1332.664	 1329.902	 1300.516	 1286.763	 1257.132	 1221.172	 1210.024	 1191.399	 1160.021	 1141.452	 1116.561	 1106.027	 1072.613	 1058.501	 1029.3	 1003.304	 996.68	 978.058	 971.46	 939.894	 920.493	 912.161	 901.769	 876.103

A2
1364.259	 1360.003	 1349.485	 1370.809	 1366.408	 1358.481	 1363.071	 1367.273	 1363.203	 1350.567	 1365.165	 1349.983	 1358.229
1424.987	 1435.474	 1441.113	 1459.388	 1460.924	 1464.755	 1471.177	 1472.299	 1494.473	 1498.765	 1502.771	 1521.049	 1525.806	 1532.173	 1543.067	 1536.375	 1555.435	 1573.017	 1572.492	 1576.271	 1586.354	 1584.685	 1598.745	 1593.545	 1607.408	 1594.578	 1599.22	 1601.961	 1604.261	 1600.166	 1596.643	 1588.967	 1582.759	 1571.604	 1567.297	 1559.016	 1555.985	 1553.114	 1535.077	 1524.572	 1511.905	 1501.111	 1493.571	 1479.65	 1465.667	 1445.919	 1441.851	 1426.614	 1409.5	 1379.794	 1360.851	 1363.836

B2
1604.394	 1598.919	 1603.092	 1601.686	 1607.995	 1602.69	 1596.941	 1604.77	 1601.889	 1593.188	 1608.37	 1593.506	 1596.155
1697.799	 1704.211	 1717.362	 1724.462	 1740.249	 1749.32	 1763.928	 1765.429	 1777.278	 1789.077	 1806.985	 1816.548	 1822.208	 1820.824	 1836.151	 1838.856	 1854.065	 1870.305	 1877.973	 1877.393	 1879.843	 1905.884	 1893.402	 1912.197	 1899.625	 1924.893	 1904.583	 1903.578	 1902.281	 1911.601	 1906.199	 1896.914	 1887.991	 1882.354	 1873.962	 1852.181	 1863.518	 1844.575	 1824.65	 1815.581	 1806.707	 1791.343	 1771.151	 1746.873	 1741.049	 1722.753	 1700.577	 1701.3	 1672.636	 1663.164	 1642.475	 1632.74

C2
1043.474	 1052.437	 1048.823	 1050.064	 1052.604	 1056.959	 1051.3	 1048.043	 1053.055	 1043.824	 1049.016	 1049.427	 1050.104
1122.91	 1131.651	 1137.298	 1140.58	 1148.979	 1155.879	 1172.512	 1176.49	 1171.152	 1183.785	 1193.205	 1204.544	 1208.364	 1218.286	 1217.42	 1230.05	 1228.765	 1237.143	 1240.921	 1240.659	 1241.586	 1246.507	 1247.841	 1234.267	 1242.272	 1235.629	 1227.304	 1213.278	 1204.031	 1198.565	 1190.753	 1182.25	 1174.781	 1156.123	 1148.865	 1127.684	 1096.48	 1094.067	 1078.677	 1062.143	 1038.74	 1032.264	 1021.399	 1003.584	 982.399	 975.904	 956.993	 942.4	 931.346	 918.29	 912.758	 908.503	 889.846

D2
1017.809	 1022.775	 1013.681	 1013.34	 1008.127	 1023.84	 1011.338	 1012.809	 1016.622	 1017.098	 1016.109	 1016.939	 1011.682	 1016.284
1073.607	 1083.689	 1090.108	 1098.295	 1104.815	 1110.69	 1119.076	 1126.408	 1134.883	 1148.741	 1142.621	 1151.818	 1159.369	 1167.843	 1169.529	 1177.431	 1183.735	 1194.577	 1199.351	 1199.716	 1208.352	 1205.201	 1204.865	 1208.045	 1195.491	 1198.322	 1187.934	 1183.168	 1175.505	 1172.546	 1166.006	 1159.134	 1132.556	 1143.375	 1133.788	 1120.057	 1101.686	 1096.527	 1075.898	 1059.877	 1046.318	 1035.979	 1032.223	 1004.837	 999.305	 985.263	 974.715	 959.303	 947.322	 931.685	 928.245	 914.153	 904.279

E2
1258.845	 1244.483	 1252.28	 1253.85	 1247.69	 1248.399	 1248.83	 1256.077	 1250.441	 1248.766	 1242.857	 1249.42	 1242.454
1330.674	 1348.051	 1351.42	 1353.493	 1365.722	 1371.333	 1377.379	 1385.57	 1396.953	 1401.482	 1415.727	 1419.988	 1434.718	 1436.177	 1443.384	 1452.796	 1459.861	 1449.689	 1442.903	 1463.156	 1456.512	 1458.198	 1452.192	 1442.976	 1445.371	 1444.251	 1420.305	 1435.565	 1412.634	 1396.771	 1397.941	 1382.767	 1366.269	 1357.998	 1346.003	 1315.391	 1308.129	 1278.84	 1292.689	 1272.678	 1257.087	 1249.426	 1226.134	 1223.864	 1203.795	 1187.674	 1181.078	 1167.16	 1164.818	 1157.216	 1146.628	 1127.229	 1124.959

F2
1657.037	 1647.097	 1648.543	 1653.371	 1660.256	 1647.846	 1646.509	 1641.531	 1645.911	 1659.323	 1644.299	 1653.786	 1644.549
1724.872	 1739.231	 1747.164	 1751.338	 1764.836	 1784.064	 1797.48	 1806.548	 1823.289	 1818.06	 1845.575	 1852.734	 1863.058	 1861.318	 1873.792	 1885.713	 1899.953	 1909.52	 1909.869	 1916.543	 1922.597	 1925.812	 1935.634	 1934.084	 1928.309	 1938.556	 1931.858	 1938.865	 1911.729	 1918.284	 1918.659	 1893.781	 1883.036	 1875.286	 1868.904	 1844.042	 1835.114	 1823.135	 1814.058	 1788.459	 1775.21	 1760.585	 1739.316	 1729.691	 1710.888	 1682.339	 1674.442	 1658.525	 1643.65	 1630.654	 1608.347	 1586.866	 1584.862

G2
1334.317	 1329.779	 1338.349	 1333.09	 1343.857	 1340.462	 1330.774	 1327.693	 1324.808	 1328.073	 1319.905	 1337.146	 1330.874
1434.46	 1444.468	 1446.829	 1457.926	 1455.434	 1467.402	 1479.823	 1482.757	 1494.216	 1510.454	 1501.441	 1518.959	 1530.059	 1531.722	 1534.167	 1527.494	 1530.038	 1523.536	 1516.794	 1494.937	 1483.206	 1465.005	 1434.398	 1422.186	 1392.057	 1367.391	 1343.407	 1309.182	 1280.108	 1253.31	 1217.302	 1204.119	 1187.504	 1158.469	 1138.094	 1119.364	 1105.412	 1088.784	 1064.836	 1052.276	 1035.151	 1029.734	 1017.052	 1003.057	 997.918	 974.278	 969.894	 962.439	 955.462	 949.549	 933.981	 935.147	 928.453

H2
1336.566	 1336.993	 1331.921	 1338.706	 1342.81	 1328.677	 1341.163	 1338.209	 1329.415	 1332.827	 1333.913	 1332.365	 1330.807
1384.26	 1401.008	 1406.126	 1411.122	 1425.625	 1437.388	 1442.904	 1450.442	 1461.783	 1466.777	 1478.424	 1484.669	 1486.161	 1510.541	 1508.457	 1518.002	 1514.331	 1526.902	 1527.756	 1529.903	 1527.192	 1521.828	 1513.439	 1503.627	 1499.921	 1487.026	 1488.327	 1470.764	 1452.119	 1439.801	 1428.013	 1411.422	 1390.053	 1353.986	 1347.839	 1324.907	 1298.837	 1278.303	 1254.851	 1233.105	 1210.472	 1189.546	 1162.58	 1142.33	 1118.284	 1095.386	 1069.965	 1051.51	 1027.832	 1011.848	 998.062	 976.472

A3
1188.515	 1187.426	 1197.413	 1186.966	 1195.889	 1189.684	 1189.306	 1189.206	 1193.736	 1192.299	 1192.465	 1188.035	 1188.524
1233.048	 1243.07	 1254.675	 1263.119	 1272.689	 1274.361	 1286.846	 1294.788	 1304.469	 1311.603	 1312.281	 1324.277	 1334.391	 1328.497	 1351.206	 1354.94	 1357.302	 1364.031	 1373.671	 1380.176	 1384.777	 1362.685	 1395.277	 1392.34	 1397.926	 1388.047	 1384.361	 1380.92	 1387.219	 1378.606	 1368.543	 1373.433	 1370.47	 1351.208	 1350.407	 1329.569	 1316.749	 1311.51	 1298.045	 1300.219	 1277.297	 1263.343	 1250.242	 1236.085	 1227.931	 1209.531	 1193.208	 1179.096	 1159.068	 1147.169	 1136.884	 1124.735

B3
1050.889	 1057.737	 1051.934	 1047.334	 1045.005	 1045.629	 1051.864	 1048.749	 1051.692	 1050.302	 1043.451	 1049.384	 1048.935
1080.113	 1094.664	 1102.693	 1102.851	 1106.508	 1115.29	 1122.75	 1129.186	 1140.83	 1143.535	 1149.918	 1156.509	 1161.171	 1178.315	 1178.943	 1181.586	 1191.927	 1191.069	 1194.916	 1183.543	 1208.944	 1206.026	 1204.959	 1208.247	 1205.179	 1200.369	 1198.071	 1191.03	 1186.032	 1183.273	 1174.376	 1174.138	 1159.874	 1157.653	 1145.017	 1131.221	 1113.625	 1115.457	 1099.849	 1092.024	 1079.406	 1065.661	 1053.415	 1046.256	 1025.209	 1015.754	 1003.733	 985.369	 975.506	 955.836	 946.243	 933.681

C3
1093.228	 1086.573	 1096.316	 1086.028	 1095.046	 1096.475	 1087.2	 1094.662	 1090.849	 1093.645	 1093.148	 1095.462	 1087.571
1135.609	 1137.879	 1143.686	 1152.433	 1149.403	 1167.672	 1174.404	 1180.79	 1192.344	 1197.186	 1201.738	 1216.624	 1210.248	 1210.776	 1228.146	 1239.419	 1242.643	 1249.471	 1266.831	 1259.68	 1264.854	 1277.127	 1279.67	 1278.474	 1271.744	 1287.752	 1274.95	 1277.318	 1267.791	 1273.665	 1254.166	 1258.868	 1260.306	 1255.364	 1244.845	 1238.713	 1223.65	 1216.086	 1206.363	 1191.921	 1179.44	 1158.86	 1151.119	 1142.371	 1133.613	 1119.478	 1103.598	 1077.919	 1068.677	 1052.27	 1047.629	 1027.839	 1016.3

D3
1230.488	 1248.028	 1230.734	 1244.238	 1242.13	 1241.427	 1241.334	 1230.086	 1241.179	 1229.312	 1231.589	 1237.824	 1228.425	 1231.52
1284.372	 1293.002	 1300.57	 1310.332	 1318.505	 1323.913	 1346.947	 1356.578	 1354.019	 1368.75	 1369.341	 1385.111	 1395.915	 1407.768	 1406.5	 1412.9	 1429.934	 1437.072	 1441.758	 1432.213	 1452.113	 1446.822	 1451.267	 1442.938	 1446.179	 1443.131	 1434.474	 1442.151	 1428.962	 1432.076	 1413.43	 1404.512	 1394.703	 1391.49	 1370.071	 1368.177	 1345.158	 1345.142	 1335.138	 1300.556	 1277.046	 1272.87	 1254.794	 1234.823	 1229.693	 1216.448	 1196.195	 1188.346	 1168.995	 1160.4	 1143.011	 1129.737	 1120.078

E3
1703.352	 1714.679	 1713.697	 1720.216	 1711.89	 1711.108	 1711.97	 1715.829	 1706.471	 1697.887	 1712.457	 1707.414	 1708.089	 1703.703
1817.864	 1831.886	 1838.204	 1851.844	 1863.58	 1867.39	 1882.89	 1902.4	 1904.205	 1922.931	 1937.484	 1958.098	 1949.568	 1964.443	 1971.82	 1979.779	 1987.451	 1990.731	 2007.616	 2010.012	 1997.076	 1998.286	 1998.717	 2000.5	 1988.686	 1977.189	 1984.375	 1971.16	 1954.661	 1932.864	 1941.133	 1907.201	 1897.263	 1865.585	 1858.609	 1842.801	 1836.813	 1797.682	 1804.675	 1776.046	 1758.56	 1745.969	 1728.485	 1702.061	 1687.566	 1674.356	 1667.413	 1651.561	 1632.207	 1624.838	 1604.357	 1597.595	 1589.502

F3
1919.797	 1925.957	 1919.451	 1918.48	 1912.912	 1919.456	 1915.187	 1907.34	 1920.924	 1916.015	 1903.813	 1912.489	 1919.058
2054.04	 2047.875	 2082.843	 2090.162	 2098.689	 2107.362	 2126.22	 2137.678	 2147.077	 2158.27	 2169.88	 2192.021	 2202.957	 2222.658	 2231.458	 2230.043	 2220.975	 2237.416	 2250.151	 2250.66	 2261.544	 2256.459	 2254.219	 2262.522	 2260.703	 2258.678	 2252.629	 2236.775	 2238.819	 2226.603	 2220.38	 2194.501	 2193.239	 2175.583	 2159.397	 2148.059	 2144.347	 2113.861	 2112.21	 2092.024	 2062.974	 2056.523	 2028.413	 2018.078	 2004.303	 1998.475	 1975.209	 1956.467	 1946.636	 1931.528	 1905.454	 1902.6	 1887.692

G3
1320.091	 1320.12	 1310.575	 1309.328	 1315.645	 1317.034	 1312.145	 1307.813	 1308.85	 1316.537	 1294.077	 1317.08	 1303.827
1408.516	 1405.891	 1429.319	 1432.342	 1440.647	 1444.437	 1453.747	 1468.595	 1467.296	 1480.922	 1480.318	 1493.501	 1492.714	 1506.147	 1503.656	 1504.468	 1505.683	 1497.755	 1476.872	 1456.02	 1457.195	 1424.957	 1405.6	 1371.49	 1351.905	 1323.908	 1297.026	 1275.136	 1251.625	 1218.263	 1191.463	 1165.283	 1157.333	 1125.67	 1109.193	 1085.058	 1065.823	 1045.18	 1034.032	 1018.957	 993.004	 983.207	 981.075	 965.314	 957.846	 948.036	 935.635	 931.045	 919.313	 912.107	 903.815	 898.468	 890.354

H3
1231.383	 1226.606	 1229.164	 1227.302	 1228.888	 1231.891	 1225.072	 1222.546	 1228.714	 1228.345	 1225.605	 1224.25	 1217.756
1310.748	 1313.568	 1322.34	 1333.647	 1347.49	 1343.041	 1361.811	 1368.018	 1373.038	 1369.451	 1382.678	 1386.662	 1400.443	 1400.807	 1401.023	 1403.194	 1398.578	 1394.304	 1379.609	 1370.885	 1354.376	 1338.85	 1321.403	 1299.686	 1279.42	 1248.688	 1221.99	 1194.37	 1173.101	 1148.61	 1119.146	 1099.319	 1074.374	 1041.06	 1019.218	 1007.103	 985.457	 967.787	 951.053	 932.211	 918.62	 902.612	 894.64	 881.957	 866.354	 856.883	 848.582	 837.767	 825.545	 816.586	 819.434	 807.602

A4
1238.037	 1243.012	 1242.742	 1248.379	 1240.059	 1247.425	 1243.991	 1240.617	 1242.634	 1235.003	 1248.768	 1247.155	 1235.906
1322.124	 1318.242	 1330.004	 1343.46	 1344.929	 1353.481	 1365.184	 1370.742	 1387.449	 1385.462	 1392.114	 1401.183	 1407.506	 1412.514	 1416.994	 1427.019	 1438.642	 1425.056	 1430.618	 1432.681	 1429.371	 1426.663	 1416.931	 1413.65	 1407.805	 1400.997	 1394.144	 1388.077	 1368.272	 1353.191	 1354.955	 1326.141	 1323.796	 1311.105	 1294.628	 1278.785	 1280.246	 1260.981	 1250.015	 1237.884	 1221.582	 1211.591	 1195.083	 1187.115	 1179.752	 1166.3	 1148.869	 1141.173	 1131.088	 1119.312	 1109.898	 1102.666

B4
1322.809	 1325.307	 1316.204	 1320.817	 1316.201	 1310.411	 1326.102	 1317.753	 1318.226	 1318.885	 1320.522	 1313.709	 1315.272
1395.027	 1411.945	 1414.1	 1423.479	 1442.477	 1447.414	 1454.282	 1469.525	 1478.684	 1483.81	 1486.388	 1502.247	 1502.724	 1508.264	 1519.277	 1524.978	 1532.706	 1533.407	 1526.961	 1533.032	 1535.662	 1533.514	 1526.974	 1514.502	 1517.682	 1508.513	 1501.794	 1488.868	 1482.341	 1465.862	 1455.933	 1445.441	 1424.643	 1406.798	 1404.156	 1388.212	 1366.439	 1352.278	 1344.263	 1323.481	 1301.479	 1294.181	 1283.635	 1258.575	 1256.63	 1244.205	 1223.546	 1223.17	 1207.623	 1196.482	 1184.769	 1182.439

C4
978.9	 983.23	 988.202	 983.834	 987.128	 983.083	 987.034	 981.996	 984.398	 982.832	 983.181	 986.139	 979.628
1053.709	 1054.315	 1065.769	 1076.447	 1074.434	 1092.464	 1095.765	 1096.559	 1106.277	 1113.395	 1123.699	 1116.158	 1141.606	 1133.518	 1146.229	 1145.867	 1150.737	 1151.318	 1139.235	 1146.469	 1146.429	 1135.937	 1132.171	 1129.468	 1113.19	 1110.653	 1093.637	 1086.787	 1083.73	 1065.987	 1055.642	 1033.496	 1026.859	 1013.783	 997.14	 991.902	 970.9	 964.733	 944.551	 939.292	 918.419	 915.333	 898.454	 885.419	 873.75	 866.625	 849.587	 840.885	 833.009	 827.167	 815.975	 810.563

D4
1196.6	 1188.392	 1194.564	 1194.529	 1194.004	 1189.26	 1188.035	 1181.033	 1188.221	 1179.693	 1186.338	 1188.959	 1188.497
1276.083	 1275.895	 1286.664	 1287.927	 1304.499	 1313.125	 1321.765	 1340.291	 1339.342	 1351.88	 1341.829	 1361.543	 1364.926	 1361.165	 1362.916	 1371.359	 1366.078	 1374.618	 1360.333	 1363.855	 1351.392	 1350.173	 1334.241	 1334.393	 1314.466	 1305.886	 1297.73	 1279.244	 1268.977	 1257.66	 1248.364	 1231.608	 1223.62	 1209.607	 1194.034	 1176.761	 1174.709	 1165.432	 1151.611	 1141.539	 1127.131	 1122.469	 1114.67	 1105.783	 1093.749	 1087.37	 1079.722	 1082.857	 1071.613	 1069.582	 1061.428	 1051.464	 1052.398

E4
1406.917	 1403.249	 1412.049	 1399.976	 1406.954	 1410.316	 1400.867	 1409.118	 1402.074	 1408.899	 1406.741	 1404.138	 1398.729	 1398.694
1509.939	 1511.517	 1533.39	 1545.139	 1544.635	 1562.17	 1577.169	 1573.137	 1592.241	 1595.3	 1605.132	 1601.957	 1603.777	 1620.334	 1615.07	 1610.298	 1619.077	 1614.909	 1600.819	 1597.132	 1589.246	 1589.676	 1574.583	 1560.855	 1548.578	 1526.297	 1527.314	 1507.6	 1501.994	 1477.451	 1470.372	 1459.749	 1455.527	 1446.724	 1431.618	 1417.554	 1410.146	 1402.939	 1401.844	 1402.039	 1386.534	 1376.314	 1377.547	 1376.156	 1373.231	 1367.239	 1365.336	 1359.027	 1352.503	 1360.314	 1351.583	 1359.332	 1345.859

F4
1814.217	 1802.183	 1813.199	 1812.408	 1811.919	 1806.437	 1805.656	 1797.819	 1800.458	 1803.491	 1811.454	 1804.026	 1804.722	 1802.726
1939.183	 1954.427	 1961.06	 1983.413	 1975.614	 1999.318	 2022.069	 2020.061	 2042.533	 2051.927	 2068.808	 2082.427	 2091.283	 2081.86	 2101.722	 2097.47	 2105.03	 2093.495	 2100.43	 2104.518	 2082.592	 2085.683	 2081.031	 2088.233	 2045.906	 2051.619	 2047.227	 2031.174	 2011.609	 2003.911	 1995.38	 1956.653	 1943.437	 1949.447	 1930.945	 1924.797	 1900.572	 1888.349	 1872.521	 1875.5	 1867.209	 1842.642	 1832.908	 1834.967	 1822.152	 1807.54	 1796.244	 1800.752	 1793.826	 1785.899	 1778.562	 1770.396	 1758.305

G4
1310.188	 1303.898	 1297.977	 1308.24	 1304.739	 1299.005	 1304.633	 1300.035	 1304.247	 1292.425	 1305.87	 1300.539	 1303.666
1400.173	 1407.908	 1419.597	 1438.35	 1438.511	 1452.483	 1463.208	 1480.221	 1474.399	 1477.767	 1482.606	 1477.256	 1479.56	 1481.379	 1479.266	 1463.951	 1444.245	 1427.352	 1415.503	 1388.651	 1355.357	 1344.773	 1326.389	 1302.639	 1272.816	 1246.878	 1227.957	 1205.276	 1185.958	 1165.476	 1148.884	 1125.377	 1119.875	 1113.086	 1089.982	 1086.821	 1067.67	 1062.576	 1054.609	 1037.957	 1035.241	 1024.622	 1014.257	 1017.494	 1010.228	 993.076	 995.007	 990.392	 993.887	 982.236	 975.578	 974.582	 975.687

H4
1295.405	 1299.527	 1298.064	 1293.925	 1292.703	 1291.618	 1284.254	 1292.468	 1287.171	 1280.562	 1294.058	 1296.662	 1287.33
1388.028	 1401.757	 1401.594	 1424.024	 1414.225	 1427.46	 1441.859	 1441.175	 1451.677	 1461.444	 1467.474	 1462.775	 1460.986	 1460.429	 1457.408	 1447.79	 1440.875	 1428.386	 1413.293	 1398.547	 1373.966	 1349.404	 1331.001	 1301.701	 1283.2	 1258.641	 1230.655	 1207.148	 1188.665	 1173.607	 1142.963	 1117.31	 1102.581	 1093.316	 1070.108	 1053.793	 1040.213	 1030.87	 1005.986	 997.572	 990.694	 981.435	 966.264	 962.549	 955.104	 943.951	 940.592	 936.283	 931.342	 922.108	 923.71	 914.985	 911.99

A5
1604.385	 1603.311	 1612.887	 1609.558	 1600.68	 1605.364	 1592.469	 1602.801	 1606.765	 1597.175	 1607.496	 1587.63	 1600.8
1670.362	 1672.476	 1691.119	 1698.478	 1712.828	 1728.959	 1743.256	 1751.708	 1766.677	 1779.907	 1800.302	 1808.093	 1803.927	 1818.035	 1829.531	 1833.129	 1836.492	 1854.182	 1861.21	 1846.579	 1861.558	 1856.78	 1863.5	 1845.873	 1840.52	 1838.082	 1845.776	 1828.038	 1817.107	 1808.643	 1799.621	 1792.409	 1776.95	 1754.702	 1746.045	 1734.066	 1713.716	 1711.057	 1691.722	 1671.623	 1652.258	 1652.475	 1633.978	 1624.038	 1594.93	 1592.459	 1579.113	 1559.548	 1561.299	 1540.648	 1532.611	 1520.813

B5
1376.98	 1382.218	 1381.474	 1384.067	 1376.885	 1388.952	 1380.037	 1389.769	 1385.48	 1375.463	 1377.548	 1382.496	 1380.397
1462.008	 1473.727	 1484.176	 1506.736	 1516.432	 1517.885	 1541.37	 1548.779	 1556.183	 1575.629	 1581.815	 1590.376	 1593.683	 1605.355	 1613.307	 1624.263	 1622.104	 1613.648	 1626.164	 1622.449	 1628.115	 1630.617	 1618.582	 1602.24	 1609.192	 1592.279	 1587.774	 1570.998	 1561.311	 1539.195	 1523.768	 1504.512	 1494.336	 1475.442	 1462.447	 1443.632	 1417.664	 1396.44	 1373.763	 1371.091	 1351.999	 1342.741	 1317.211	 1305.557	 1296.288	 1297.823	 1271.862	 1256.206	 1255.657	 1245.599	 1233.773	 1223.483

C5
1161.487	 1157.588	 1162.821	 1164.876	 1158.889	 1149.645	 1160.987	 1163.561	 1156.061	 1159.104	 1162.426	 1159.06	 1158.739
1229.732	 1243.997	 1267.596	 1270.037	 1282.952	 1281.792	 1293.99	 1290.555	 1306.643	 1302.709	 1325.153	 1324.278	 1331.577	 1333.04	 1340.9	 1333.892	 1326.164	 1334.498	 1327.365	 1324.342	 1320.434	 1313.518	 1301.478	 1277.179	 1277.828	 1272.148	 1265.12	 1237.957	 1228.575	 1224.169	 1200.392	 1182.415	 1170.962	 1161.203	 1147.722	 1136.056	 1119.551	 1112.11	 1101.116	 1093.927	 1081.603	 1066.642	 1057.576	 1048.172	 1038.647	 1032.398	 1021.476	 1008.765	 1006.832	 993.375	 989.008	 985.451

D5
1489.347	 1484.636	 1478.062	 1478.146	 1483.952	 1467.544	 1484.723	 1476.305	 1483.222	 1479.56	 1476.277	 1482.483	 1477.192
1594.69	 1607.904	 1629.77	 1637.864	 1645.942	 1665.397	 1680.673	 1686.993	 1707.938	 1716.286	 1706.255	 1725.115	 1734.297	 1736.674	 1737.832	 1730.384	 1725.207	 1726.538	 1733.423	 1711.249	 1712.365	 1704.031	 1691.869	 1672.593	 1667.123	 1642.499	 1634.45	 1619.555	 1606.018	 1575.679	 1568.86	 1554.728	 1542.549	 1533.118	 1527.427	 1509.338	 1498.338	 1488.278	 1473.969	 1474.189	 1461.729	 1456.869	 1427.711	 1448.77	 1423.248	 1421.807	 1414.019	 1416.649	 1402.856	 1404.88	 1409.496	 1398.916	 1398.989

E5
1239.742	 1234.852	 1241.953	 1239.639	 1242.704	 1229.177	 1236.775	 1239.718	 1232.725	 1233.03	 1232.119	 1235.629	 1228.166
1326.355	 1338.037	 1338.725	 1349.352	 1352.893	 1374.444	 1372.009	 1386.098	 1401.693	 1394.446	 1399.833	 1409.117	 1411.499	 1416.263	 1413.411	 1420.954	 1410.734	 1409.479	 1409.097	 1396.222	 1397.579	 1388.017	 1379.698	 1363.856	 1355.824	 1336.239	 1332.479	 1316.455	 1304.483	 1300.642	 1278.174	 1272.342	 1254.357	 1246.594	 1234.765	 1231.392	 1218.256	 1204.214	 1197.723	 1186.333	 1180.212	 1175.504	 1171.397	 1168.775	 1153.485	 1154.46	 1148.988	 1137.829	 1140.993	 1134.732	 1127.645	 1141.178	 1127.087

F5
1628.443	 1645.266	 1626.623	 1628.077	 1625.037	 1636.789	 1637.62	 1627.402	 1629.898	 1635.202	 1616.302	 1628.152	 1626.817	 1626.849
1694.009	 1695.743	 1724.529	 1734.226	 1739.887	 1761.448	 1777.269	 1786.269	 1787.165	 1811.377	 1820.849	 1828.512	 1834.678	 1846.728	 1864.696	 1851.917	 1863.176	 1876.752	 1865.184	 1873.021	 1884.437	 1885.645	 1887.02	 1875.614	 1879.059	 1866.911	 1853.871	 1853.853	 1850.64	 1828.008	 1815.006	 1810.251	 1796.675	 1796.428	 1770.537	 1758.73	 1734.322	 1731.177	 1715.313	 1699.967	 1680.592	 1673.858	 1654.78	 1649.005	 1639.433	 1622.187	 1608.416	 1596.669	 1585.402	 1573.711	 1567.355	 1564.466	 1548.673

G5
1359.867	 1350.334	 1360.981	 1353.787	 1349.672	 1338.478	 1355.631	 1352.807	 1347.457	 1344.851	 1345.041	 1347.284	 1345.107
1463.18	 1477.776	 1481.661	 1480.095	 1517.658	 1516.364	 1537.724	 1531.935	 1545.571	 1540.631	 1562.505	 1548.624	 1552.947	 1547.047	 1544.107	 1517.45	 1508.907	 1500.049	 1478.485	 1454.684	 1432.828	 1417.395	 1387.51	 1358.631	 1331.257	 1317.811	 1285.75	 1262.174	 1247.819	 1229.104	 1212.046	 1191.531	 1176.62	 1154.327	 1147.82	 1136.894	 1122.381	 1114.707	 1097.946	 1097.311	 1092.044	 1077.314	 1066.094	 1068.06	 1061.398	 1062.472	 1055.714	 1054.935	 1047.821	 1040.146	 1028.54	 1033.812	 1024.651

H5
1287.463	 1279.1	 1287.027	 1283.804	 1274.893	 1274.491	 1278.967	 1278.118	 1276.962	 1278.153	 1275.514	 1276.006	 1270.983
1374.485	 1376.896	 1387.377	 1407.636	 1401.704	 1421.051	 1427.146	 1437.568	 1449.944	 1438.808	 1445.193	 1445.291	 1457.453	 1445.882	 1440.532	 1426.322	 1415.514	 1404.42	 1378.067	 1366.042	 1342.71	 1315.876	 1295.406	 1270.231	 1253.528	 1228.871	 1198.883	 1183.97	 1162.16	 1135.499	 1121.77	 1108.519	 1082.627	 1075.652	 1055.299	 1051.324	 1031.555	 1022.445	 1015.793	 1014.09	 1002.42	 991.127	 989.093	 983.664	 985.427	 977.076	 975.466	 965.834	 961.666	 966.111	 957.777	 965.208

A6
1364.414	 1374.409	 1372.569	 1365.552	 1367.679	 1371.094	 1375.208	 1366.426	 1365.429	 1366.003	 1373.354	 1373.749	 1365.916
1421.103	 1424.771	 1448.409	 1453.449	 1463.206	 1478.446	 1488.39	 1502.918	 1506.681	 1521.13	 1525.026	 1541.531	 1538.57	 1548.123	 1555.506	 1561.04	 1558.534	 1567.604	 1572.754	 1564.672	 1558.164	 1560.387	 1574.344	 1551.591	 1540.36	 1535.965	 1537.082	 1516.774	 1513.558	 1494.371	 1491.449	 1483.241	 1476.199	 1456.693	 1431.249	 1430.47	 1425.763	 1411.699	 1391.846	 1382.388	 1366.661	 1355.676	 1337.338	 1325.832	 1327.078	 1308.803	 1300.26	 1291.082	 1287.454	 1275.314	 1260.789	 1262.123

B6
1365.157	 1370.576	 1365.782	 1373.696	 1356.726	 1364.589	 1367.815	 1372.826	 1355.078	 1357.999	 1367.333	 1363.26	 1358.078
1476.424	 1474.797	 1482.424	 1497.35	 1520.063	 1513.961	 1532.692	 1547.583	 1547.229	 1561.359	 1571.784	 1567.692	 1572.448	 1581.045	 1578.686	 1592.347	 1580.749	 1568.214	 1573.283	 1568.935	 1558.528	 1551.173	 1549.161	 1523.949	 1520.397	 1503.859	 1496.536	 1479.277	 1465.923	 1440.347	 1443.69	 1422.956	 1400.132	 1385.147	 1381.207	 1352.74	 1350.97	 1343.591	 1327.083	 1320.632	 1306.55	 1293.748	 1283.614	 1268.366	 1264.08	 1243.636	 1252.304	 1243.249	 1235.987	 1223.668	 1214.29	 1224.119

C6
1291.006	 1287.556	 1292.417	 1286.846	 1288.99	 1293.819	 1293.807	 1292.032	 1280.871	 1288.738	 1286.717	 1285.93	 1280.316
1344.383	 1357.355	 1366.846	 1375.888	 1386.575	 1399.486	 1409.581	 1415.668	 1421.121	 1426.068	 1442.51	 1454.787	 1458.063	 1457.903	 1454.853	 1467.835	 1472.486	 1469.713	 1468.423	 1460.502	 1469.471	 1446.642	 1453.625	 1453.452	 1436.672	 1435.639	 1425.389	 1413.231	 1411.547	 1393.177	 1383.206	 1378.664	 1363.31	 1361.649	 1347.397	 1329.548	 1323.372	 1303.124	 1288.807	 1290.319	 1273.219	 1260.947	 1247.144	 1246.113	 1236.475	 1230.957	 1215.129	 1211.218	 1198.686	 1186.911	 1182.525	 1179.64	 1177.222

D6
1118.68	 1117.318	 1107.954	 1115.631	 1120.657	 1115.01	 1110.821	 1114.63	 1108.464	 1115.288	 1110.226	 1119.021	 1105.186
1183.85	 1196.424	 1210.373	 1215.654	 1227.279	 1237.313	 1242.838	 1248.773	 1259.061	 1268.824	 1271.518	 1277.814	 1279.55	 1290.329	 1284.012	 1280.32	 1281.949	 1271.121	 1264.804	 1266.671	 1256.732	 1253.777	 1248.366	 1232.116	 1223.048	 1218.855	 1198.154	 1191.236	 1171.794	 1169.681	 1156.615	 1143.678	 1122.65	 1116.167	 1099.941	 1083.965	 1077.586	 1060.244	 1056.22	 1040.053	 1033.201	 1020.747	 1018.259	 1008.659	 1007.107	 1001.729	 997.176	 983.629	 982.302	 980.054	 984.179	 974.765	 965.724

E6
1540.379	 1516.662	 1530.153	 1530.511	 1529.799	 1522.311	 1533.378	 1527.315	 1530.12	 1520.553	 1525.674	 1513.457	 1516.209
1643.208	 1661.554	 1672.31	 1682.392	 1700.077	 1710.666	 1706.876	 1727.136	 1743.73	 1748.188	 1749.35	 1766.977	 1757.004	 1772.144	 1749.454	 1764.881	 1760.503	 1765.191	 1749.145	 1746.454	 1745.722	 1723.1	 1712.686	 1707.111	 1711.36	 1687.52	 1672.481	 1660.563	 1648.578	 1620.18	 1613.806	 1602.046	 1578.498	 1583.681	 1576.171	 1567.741	 1561.018	 1554.457	 1540.415	 1524.487	 1528.584	 1508.208	 1518.039	 1498.353	 1507.025	 1494.457	 1495.633	 1493.959	 1503.496	 1496.966	 1486.705	 1474.883	 1487.192

F6
1512.553	 1518.246	 1512.722	 1512.211	 1503.576	 1515.919	 1506.503	 1513.257	 1514.398	 1496.084	 1505.151	 1510.265	 1508.945
1623.78	 1631.073	 1655.581	 1661.162	 1673.328	 1685.389	 1687.133	 1701.194	 1716.972	 1712.623	 1716.537	 1727.908	 1734.957	 1738.304	 1734.429	 1740.552	 1737.69	 1730.474	 1714.454	 1724.135	 1706.431	 1699.772	 1688.542	 1676.097	 1683.874	 1666.357	 1657.867	 1645.316	 1637.334	 1614.487	 1600.199	 1599.988	 1593.155	 1576.489	 1568.336	 1564.054	 1557.641	 1536.736	 1539.632	 1528.9	 1511.162	 1501.377	 1513.317	 1505.964	 1502.77	 1496.419	 1494.862	 1483.748	 1485.435	 1464.142	 1481.873	 1474.032	 1463.744

G6
1317.431	 1311.701	 1310.551	 1304.474	 1303.575	 1300.627	 1300.498	 1310.496	 1299.004	 1301.285	 1303.421	 1294.241	 1300.154
1405.887	 1426.696	 1435.058	 1445.795	 1457.558	 1474.199	 1481.514	 1477.802	 1487.871	 1507.39	 1512.064	 1512.275	 1502.024	 1501.991	 1495.816	 1489.504	 1471.245	 1462.59	 1436.02	 1416.054	 1381.863	 1371.402	 1344.774	 1314.012	 1286.214	 1261.67	 1234.024	 1212.678	 1193.337	 1176.914	 1161.107	 1133.946	 1135.103	 1124.326	 1097.587	 1093.98	 1088.957	 1082.26	 1075.436	 1070.764	 1071.838	 1064.55	 1053.086	 1059.197	 1054.299	 1049.393	 1044.792	 1047.186	 1041.258	 1050.362	 1042.318	 1040.623	 1031.015

H6
1288.049	 1285.321	 1276.966	 1284.48	 1275.434	 1273.033	 1286.458	 1275.022	 1273.115	 1275.91	 1279.432	 1273.858	 1278.179
1379.984	 1395.65	 1400.565	 1416.993	 1431.939	 1448.988	 1440.759	 1459.12	 1466.7	 1465.509	 1475.993	 1464.786	 1469.519	 1454.826	 1448.093	 1433.584	 1417.062	 1406.526	 1380.587	 1360.296	 1339.651	 1328.836	 1298.818	 1277.679	 1255.216	 1244.104	 1211.934	 1201.504	 1190.095	 1173.221	 1143.836	 1140.127	 1129.292	 1125.733	 1105.511	 1100.453	 1087.523	 1078.004	 1079.328	 1066.644	 1058.761	 1060.064	 1048.279	 1049.167	 1051.71	 1050.12	 1042.053	 1029.975	 1036.874	 1034.064	 1031.101	 1031.71	 1018.151

A7
1185.479	 1200.978	 1190.13	 1195.375	 1180.867	 1185.726	 1191.484	 1190.499	 1187.346	 1186.594	 1194.35	 1191.746	 1193.016
1281.922	 1295.373	 1305.18	 1309.43	 1323.296	 1329.018	 1346.158	 1357.103	 1360.108	 1357.264	 1363.415	 1369.871	 1368.024	 1377.207	 1371.093	 1360.088	 1365.175	 1369.024	 1360.76	 1357.36	 1345.211	 1330.355	 1331.205	 1321.922	 1311.281	 1298.28	 1287.454	 1277.067	 1256.824	 1260.164	 1243.361	 1242.62	 1234.121	 1223.199	 1211.415	 1210.922	 1197.13	 1180.358	 1176.13	 1180.344	 1164.413	 1161.345	 1155.71	 1152.35	 1140.109	 1139.391	 1139.685	 1127.617	 1136.616	 1124.288	 1129.151	 1112.941

B7
1058.017	 1066.919	 1071.432	 1069.199	 1062.942	 1063.061	 1054.106	 1070.922	 1065.929	 1067.07	 1067.671	 1062.502	 1057.715
1135.736	 1144.85	 1163.415	 1161.604	 1176.338	 1189.784	 1206.214	 1206.644	 1209.01	 1220.347	 1228.276	 1228.172	 1238.572	 1242.635	 1248.526	 1240.97	 1245.465	 1250.763	 1230.492	 1225.681	 1223.88	 1213.186	 1195.066	 1197.744	 1184.211	 1168.156	 1156.275	 1139.569	 1120.428	 1104.05	 1095.158	 1078.181	 1068.297	 1049.575	 1036.258	 1021.488	 1019.186	 993.005	 997.728	 991.986	 981.597	 974.103	 958.449	 955.112	 953.78	 949.059	 946.817	 947.397	 927.04	 933.79	 930.212	 925.733

C7
1144.528	 1157.077	 1143.08	 1147.596	 1140.733	 1146.24	 1141.066	 1151.889	 1151.552	 1151.328	 1145.833	 1153.468	 1143.579
1209.744	 1203.57	 1217.824	 1230.043	 1239.475	 1253.946	 1261.699	 1269.788	 1262.103	 1286.016	 1296.16	 1304.899	 1306.134	 1297.05	 1304.844	 1311.796	 1306.153	 1304.133	 1313.56	 1302.899	 1296.095	 1290.991	 1285.529	 1274.8	 1257.69	 1254.759	 1252.591	 1232.844	 1221.917	 1198.702	 1196.684	 1193.005	 1167.911	 1165.322	 1145.789	 1137.538	 1123.029	 1114.895	 1104.988	 1082.463	 1074.009	 1069.073	 1056.358	 1044.993	 1030.225	 1025.461	 1027.485	 1027.754	 1009.591	 1011.907	 999.602	 992.616	 998.921

D7
1042.24	 1043.447	 1043.005	 1037.03	 1035.903	 1044.093	 1037.757	 1039.025	 1042.578	 1039.045	 1037.499	 1042.24	 1036.845
1111.251	 1116.211	 1135.727	 1138.649	 1146.864	 1157.891	 1169.472	 1175.663	 1187.246	 1185.61	 1200.704	 1212.129	 1194.238	 1206.999	 1211.674	 1208.596	 1201.718	 1201.578	 1199.275	 1189.15	 1168.611	 1180.351	 1163.77	 1158.803	 1144.301	 1136.612	 1127.226	 1110.701	 1102.589	 1089.938	 1076.733	 1064.726	 1054.321	 1041.452	 1034.249	 1022.718	 1011.212	 1012.473	 994.943	 993.738	 992.218	 984.924	 972.677	 965.005	 965.196	 960.125	 956.546	 961.702	 951.76	 948.717	 951.42	 952.534	 951.97

E7
1721.273	 1727.177	 1730.099	 1721.834	 1728.099	 1718.611	 1728.059	 1726.399	 1725.62	 1723.167	 1720.953	 1734.365	 1721.144	 1724.49
1838.34	 1851.592	 1864.179	 1887.652	 1913.64	 1910.098	 1918.117	 1936.077	 1956.705	 1967.268	 1972.185	 1985.184	 2000.722	 2005.581	 2001.52	 2010.485	 2015.773	 2017.753	 2011.827	 2014.489	 2000.472	 1993.716	 1994.353	 1981.734	 1980.084	 1967.963	 1952.939	 1941.646	 1921.056	 1926.328	 1922.338	 1892.363	 1891.122	 1877.665	 1874.358	 1862.502	 1859.95	 1842.689	 1840.848	 1840.006	 1825.99	 1825.994	 1820.334	 1809.14	 1810.768	 1815.891	 1810.771	 1803.864	 1808.209	 1805.61	 1799.199	 1792.286	 1793.578

F7
1898.092	 1908.423	 1906.927	 1897.403	 1891.178	 1896.493	 1893.785	 1895.576	 1894.897	 1883.925	 1894.635	 1893.925	 1892.245
2035.127	 2038.766	 2073.0	 2081.474	 2111.149	 2118.877	 2128.985	 2149.651	 2160.45	 2176.713	 2184.235	 2198.354	 2190.951	 2206.482	 2214.577	 2207.292	 2211.272	 2215.302	 2217.271	 2214.193	 2182.025	 2211.612	 2196.799	 2178.461	 2178.577	 2168.506	 2173.911	 2161.792	 2144.161	 2134.656	 2136.552	 2125.568	 2100.93	 2101.818	 2105.298	 2087.76	 2077.468	 2071.006	 2072.946	 2059.305	 2060.848	 2050.389	 2050.448	 2032.986	 2031.397	 2038.121	 2026.21	 2019.876	 2033.304	 2030.561	 2015.469	 2021.049	 2018.367

G7
1322.392	 1314.707	 1311.768	 1306.687	 1321.094	 1312.765	 1311.217	 1312.831	 1307.021	 1305.793	 1311.843	 1308.781	 1311.003
1435.281	 1451.887	 1450.272	 1460.072	 1485.794	 1494.487	 1509.172	 1508.988	 1513.245	 1526.173	 1522.868	 1528.432	 1521.003	 1508.316	 1506.95	 1479.592	 1466.949	 1444.238	 1423.446	 1395.292	 1370.657	 1358.526	 1322.608	 1298.672	 1277.156	 1257.802	 1246.86	 1216.989	 1206.237	 1194.971	 1182.312	 1165.453	 1155.5	 1152.058	 1145.456	 1136.981	 1135.878	 1130.871	 1128.754	 1116.342	 1115.398	 1107.267	 1113.708	 1112.624	 1106.446	 1103.336	 1103.31	 1106.546	 1097.564	 1097.638	 1095.076	 1093.783	 1089.938

H7
1317.67	 1308.375	 1316.35	 1319.164	 1317.794	 1313.048	 1304.761	 1309.513	 1316.125	 1314.583	 1316.093	 1310.859	 1305.766
1422.656	 1443.799	 1449.246	 1459.541	 1478.004	 1489.864	 1499.433	 1500.719	 1513.261	 1516.739	 1513.376	 1524.383	 1520.969	 1512.609	 1501.594	 1483.966	 1492.843	 1461.987	 1440.232	 1424.217	 1399.266	 1390.185	 1361.45	 1344.427	 1322.24	 1307.288	 1294.558	 1274.723	 1267.62	 1243.571	 1229.75	 1230.619	 1218.513	 1209.068	 1192.495	 1191.582	 1194.757	 1174.888	 1174.738	 1182.838	 1175.41	 1172.007	 1171.411	 1166.091	 1159.913	 1165.394	 1165.655	 1158.113	 1159.631	 1160.237	 1162.646	 1152.837

A8
1319.277	 1311.823	 1324.66	 1320.733	 1322.942	 1313.87	 1317.991	 1326.157	 1313.768	 1322.052	 1318.656	 1315.946	 1323.287
1412.157	 1414.048	 1436.33	 1447.887	 1462.977	 1477.639	 1489.488	 1498.764	 1514.229	 1523.765	 1525.047	 1531.338	 1532.938	 1543.24	 1546.721	 1548.915	 1548.609	 1547.777	 1535.376	 1547.353	 1534.954	 1529.549	 1505.243	 1513.098	 1498.844	 1478.963	 1472.116	 1462.451	 1452.833	 1440.417	 1428.355	 1413.264	 1381.829	 1397.378	 1379.976	 1371.514	 1351.39	 1349.818	 1347.174	 1334.04	 1326.947	 1318.211	 1311.64	 1313.246	 1310.969	 1301.264	 1306.361	 1291.283	 1296.607	 1299.829	 1285.707	 1292.688

B8
1169.564	 1168.883	 1170.893	 1166.227	 1167.792	 1163.86	 1173.7	 1165.13	 1172.031	 1168.605	 1166.717	 1164.609	 1166.353
1232.584	 1234.034	 1254.225	 1256.627	 1281.448	 1289.929	 1295.367	 1309.066	 1315.085	 1321.262	 1318.646	 1328.188	 1346.227	 1348.232	 1348.154	 1348.91	 1352.469	 1338.925	 1341.29	 1336.794	 1323.729	 1333.053	 1325.211	 1321.629	 1311.161	 1291.281	 1288.324	 1279.027	 1265.884	 1248.533	 1243.634	 1227.444	 1211.287	 1204.551	 1186.706	 1182.526	 1170.686	 1165.364	 1152.756	 1143.665	 1133.212	 1124.032	 1123.627	 1104.864	 1101.03	 1088.378	 1087.78	 1087.097	 1076.669	 1075.725	 1067.664	 1075.02

C8
1042.092	 1047.056	 1042.476	 1050.01	 1038.137	 1048.107	 1038.927	 1043.67	 1043.846	 1042.68	 1041.738	 1043.066	 1045.008
1103.73	 1103.644	 1116.602	 1130.633	 1138.888	 1144.834	 1152.993	 1159.927	 1168.022	 1173.532	 1176.532	 1182.526	 1187.023	 1182.31	 1189.999	 1182.977	 1195.391	 1184.206	 1185.664	 1185.793	 1174.053	 1164.014	 1165.425	 1160.303	 1162.636	 1146.264	 1137.453	 1124.753	 1115.563	 1108.466	 1101.642	 1094.821	 1069.208	 1069.924	 1066.929	 1048.792	 1036.635	 1028.662	 1021.54	 1014.518	 1002.378	 992.0	 987.506	 983.16	 978.072	 969.604	 963.131	 961.735	 949.302	 940.813	 944.629	 940.519

D8
1168.589	 1162.869	 1167.892	 1158.892	 1154.796	 1168.759	 1163.526	 1152.843	 1168.189	 1165.058	 1166.173	 1163.233	 1164.46
1246.301	 1257.31	 1276.243	 1290.402	 1294.847	 1302.751	 1321.195	 1317.315	 1322.197	 1328.298	 1341.065	 1347.305	 1341.436	 1341.337	 1354.237	 1349.29	 1343.519	 1339.359	 1337.142	 1326.954	 1315.384	 1321.184	 1308.559	 1295.02	 1282.476	 1266.067	 1261.66	 1254.984	 1253.482	 1232.357	 1226.901	 1217.494	 1212.644	 1197.476	 1200.154	 1179.601	 1165.307	 1174.269	 1164.258	 1156.041	 1165.078	 1159.012	 1148.708	 1147.911	 1146.876	 1150.482	 1140.832	 1142.606	 1134.0	 1141.936	 1140.936	 1132.891	 1129.953

E8
1613.859	 1614.891	 1622.87	 1625.886	 1624.498	 1617.01	 1613.218	 1618.359	 1616.421	 1612.728	 1623.133	 1626.07	 1614.944	 1607.845
1720.935	 1733.382	 1753.655	 1771.56	 1771.152	 1800.156	 1816.233	 1833.307	 1835.053	 1853.095	 1863.839	 1872.843	 1888.137	 1891.201	 1897.934	 1887.241	 1896.79	 1899.651	 1894.624	 1898.531	 1890.256	 1891.408	 1884.238	 1872.366	 1868.64	 1859.62	 1849.514	 1842.606	 1845.777	 1832.774	 1829.388	 1805.123	 1804.077	 1800.456	 1780.319	 1763.633	 1766.55	 1765.199	 1763.183	 1765.551	 1755.406	 1755.528	 1756.457	 1751.798	 1748.543	 1754.017	 1746.482	 1739.761	 1737.577	 1749.083	 1743.174	 1751.69	 1746.986

F8
1849.585	 1868.787	 1852.936	 1853.722	 1858.711	 1855.551	 1867.132	 1860.342	 1854.653	 1853.565	 1863.156	 1849.871	 1851.938	 1870.742
2012.986	 2040.924	 2053.814	 2065.532	 2080.428	 2089.597	 2109.464	 2125.853	 2135.841	 2145.907	 2159.076	 2165.834	 2171.377	 2181.975	 2164.822	 2188.093	 2180.543	 2178.613	 2187.968	 2179.12	 2168.812	 2164.626	 2157.535	 2153.168	 2141.987	 2140.196	 2117.05	 2114.534	 2105.54	 2095.314	 2100.77	 2080.101	 2072.643	 2081.66	 2066.156	 2051.675	 2050.839	 2055.584	 2061.241	 2024.622	 2038.246	 2023.405	 2032.147	 2014.175	 2024.241	 2020.524	 2018.876	 2022.351	 2017.029	 2007.094	 2002.779	 2017.593	 2003.705

G8
1373.202	 1377.054	 1368.343	 1375.8	 1373.337	 1374.565	 1357.042	 1362.871	 1376.754	 1364.946	 1357.287	 1369.498	 1369.557
1528.682	 1543.969	 1553.43	 1583.965	 1581.611	 1601.625	 1603.628	 1614.465	 1622.309	 1610.824	 1611.992	 1608.108	 1605.451	 1594.87	 1575.441	 1554.934	 1542.956	 1520.929	 1506.06	 1479.942	 1462.525	 1429.062	 1426.863	 1403.572	 1386.507	 1366.154	 1365.941	 1344.955	 1332.853	 1334.596	 1317.324	 1312.345	 1301.496	 1305.846	 1302.472	 1288.356	 1283.931	 1279.97	 1283.895	 1275.845	 1278.536	 1272.393	 1262.402	 1263.195	 1262.579	 1264.273	 1263.069	 1262.64	 1254.677	 1255.894	 1259.741	 1247.893	 1250.64

H8
1330.491	 1335.302	 1328.523	 1340.336	 1332.464	 1324.605	 1316.2	 1327.131	 1323.188	 1322.432	 1328.602	 1315.787	 1321.201
1432.974	 1463.487	 1472.683	 1485.441	 1501.915	 1513.845	 1530.338	 1528.307	 1546.615	 1551.351	 1553.118	 1547.152	 1545.257	 1529.984	 1530.263	 1510.022	 1488.184	 1476.828	 1451.302	 1435.055	 1400.5	 1389.944	 1362.557	 1340.434	 1321.772	 1306.384	 1293.831	 1267.704	 1264.263	 1245.451	 1245.451	 1218.272	 1225.187	 1217.762	 1219.188	 1199.523	 1205.664	 1208.062	 1203.99	 1192.452	 1194.488	 1196.549	 1195.644	 1188.09	 1192.868	 1190.981	 1189.676	 1187.39	 1182.657	 1189.136	 1179.487	 1181.328	 1181.701

A9
942.608	 937.398	 927.847	 931.983	 932.528	 931.291	 932.741	 929.947	 925.373	 931.217	 931.104	 925.168	 926.289
1003.826	 1004.101	 1021.831	 1027.759	 1036.189	 1056.21	 1058.402	 1068.796	 1078.988	 1083.43	 1081.623	 1088.379	 1094.481	 1113.457	 1112.109	 1113.68	 1115.132	 1118.707	 1116.756	 1126.366	 1122.646	 1117.699	 1119.844	 1123.525	 1126.388	 1121.115	 1122.537	 1117.387	 1117.309	 1115.463	 1122.702	 1119.806	 1122.127	 1105.875	 1117.881	 1111.021	 1121.255	 1114.026	 1121.321	 1112.341	 1111.971	 1116.281	 1120.531	 1107.004	 1115.507	 1119.97	 1119.129	 1121.189	 1121.662	 1112.098	 1127.733	 1121.321

B9
868.519	 864.918	 865.749	 866.21	 871.493	 862.376	 863.465	 866.083	 860.05	 864.667	 863.98	 863.293	 864.424
951.496	 952.341	 969.888	 974.963	 982.993	 988.067	 998.955	 1007.115	 1011.247	 1015.649	 1022.401	 1030.785	 1035.474	 1032.589	 1031.605	 1045.41	 1040.998	 1038.679	 1045.587	 1041.609	 1038.273	 1045.429	 1031.136	 1035.686	 1022.742	 1026.207	 1030.168	 1029.943	 1031.255	 1011.262	 1020.423	 1008.505	 1014.496	 1012.635	 1013.694	 1006.943	 1007.018	 1012.158	 1004.683	 1008.09	 1016.16	 1000.274	 1013.494	 1006.691	 1002.791	 1002.394	 1010.896	 1002.811	 1005.431	 1006.045	 1005.169	 1012.912

C9
806.887	 813.419	 802.08	 810.448	 811.272	 816.401	 804.803	 813.205	 808.654	 807.815	 805.277	 811.592	 812.568
900.849	 906.531	 924.817	 926.928	 933.657	 941.793	 944.141	 958.025	 963.027	 960.439	 973.779	 972.377	 976.941	 979.552	 976.945	 982.844	 982.825	 983.494	 976.238	 981.616	 988.008	 986.003	 981.664	 978.177	 981.801	 973.107	 970.623	 975.809	 976.945	 967.366	 969.138	 972.182	 971.11	 961.643	 972.987	 967.103	 961.575	 956.209	 956.869	 963.589	 954.306	 960.282	 957.502	 954.902	 959.707	 958.423	 952.41	 954.788	 958.871	 950.692	 958.462	 961.331

D9
803.24	 798.309	 799.834	 792.836	 794.934	 798.574	 802.621	 793.158	 791.852	 797.428	 799.189	 804.729	 799.265
849.185	 860.165	 864.758	 876.106	 882.419	 891.539	 902.847	 907.106	 912.686	 917.719	 924.672	 930.196	 936.92	 946.22	 949.814	 947.647	 956.439	 951.43	 958.301	 964.403	 961.665	 963.206	 954.302	 967.718	 959.249	 962.88	 959.433	 961.584	 957.635	 953.95	 956.987	 959.273	 959.176	 954.797	 946.772	 948.366	 949.959	 950.902	 946.48	 950.365	 945.498	 945.047	 954.536	 948.077	 951.177	 952.238	 951.223	 949.439	 954.56	 951.342	 951.232	 955.81	 963.747

E9
915.211	 917.192	 918.018	 916.701	 918.013	 913.543	 914.483	 908.799	 920.831	 914.508	 916.135	 917.849	 912.906	 915.109
996.82	 1011.258	 1019.943	 1034.878	 1041.765	 1048.847	 1058.84	 1061.232	 1086.845	 1076.07	 1100.518	 1103.008	 1099.072	 1105.452	 1124.517	 1124.07	 1118.092	 1126.504	 1123.613	 1131.54	 1136.025	 1144.137	 1140.711	 1142.365	 1144.364	 1131.976	 1144.625	 1140.333	 1144.459	 1143.21	 1142.995	 1137.725	 1143.61	 1149.234	 1156.479	 1140.187	 1154.195	 1146.335	 1148.887	 1153.005	 1158.64	 1150.625	 1153.766	 1160.291	 1164.43	 1173.411	 1157.601	 1162.912	 1167.71	 1168.735	 1161.135	 1170.635	 1164.235

F9
897.656	 892.915	 889.88	 901.812	 898.386	 894.784	 897.522	 898.178	 886.962	 892.969	 895.52	 891.09	 900.644
994.29	 1003.059	 1018.324	 1030.132	 1034.639	 1045.928	 1050.598	 1058.965	 1072.087	 1072.018	 1083.286	 1093.274	 1090.987	 1104.804	 1103.339	 1115.199	 1114.583	 1113.151	 1129.052	 1125.321	 1130.948	 1128.366	 1131.58	 1129.427	 1136.76	 1131.824	 1140.404	 1128.464	 1130.386	 1138.39	 1131.825	 1142.562	 1139.22	 1139.408	 1138.756	 1138.252	 1138.115	 1144.107	 1144.944	 1155.735	 1153.25	 1148.957	 1149.479	 1153.013	 1165.007	 1158.969	 1156.475	 1162.618	 1164.744	 1160.857	 1161.07	 1159.051	 1168.172

G9
813.722	 812.928	 810.342	 816.395	 814.945	 806.852	 810.67	 810.955	 810.757	 816.84	 814.495	 814.296	 816.936
939.966	 957.017	 969.736	 982.145	 990.432	 999.617	 1000.517	 1019.732	 1027.455	 1035.063	 1037.052	 1045.097	 1048.83	 1053.361	 1058.691	 1063.005	 1051.852	 1046.588	 1051.416	 1052.311	 1053.374	 1045.372	 1048.726	 1046.817	 1028.014	 1040.849	 1036.555	 1044.348	 1034.581	 1038.643	 1038.173	 1032.109	 1033.524	 1032.778	 1031.371	 1032.272	 1039.812	 1031.075	 1032.65	 1030.758	 1035.974	 1030.696	 1041.874	 1033.838	 1036.5	 1035.847	 1034.812	 1037.078	 1039.584	 1034.647	 1032.977	 1034.613	 1033.697

H9
787.179	 787.97	 785.392	 794.145	 787.396	 782.444	 784.313	 785.959	 793.018	 790.607	 790.476	 794.03	 788.403
861.058	 872.385	 890.268	 893.169	 898.807	 915.851	 925.0	 933.873	 938.501	 953.725	 955.801	 964.233	 960.861	 961.854	 978.553	 980.369	 980.065	 977.19	 984.225	 979.922	 982.011	 981.531	 971.116	 968.338	 973.797	 978.174	 964.451	 963.695	 962.865	 960.695	 954.609	 957.478	 954.31	 954.469	 946.458	 952.621	 955.008	 951.886	 943.157	 945.104	 945.238	 947.313	 938.291	 940.388	 943.625	 942.612	 950.585	 944.388	 942.046	 942.683	 947.726	 943.141	 946.234

A10
873.751	 879.903	 877.355	 869.444	 872.937	 871.514	 867.787	 869.891	 858.638	 873.693	 874.998	 864.939	 868.533
965.006	 967.303	 974.834	 998.468	 998.928	 1008.195	 1013.984	 1030.801	 1030.378	 1042.277	 1040.23	 1046.427	 1044.555	 1055.782	 1068.967	 1069.428	 1063.34	 1068.819	 1072.444	 1057.299	 1074.451	 1059.72	 1076.318	 1075.411	 1070.443	 1073.861	 1073.064	 1074.839	 1075.786	 1075.424	 1077.073	 1077.019	 1084.312	 1085.986	 1071.858	 1083.77	 1084.065	 1085.736	 1083.392	 1082.939	 1083.766	 1091.308	 1090.284	 1094.014	 1102.488	 1096.537	 1093.695	 1098.843	 1103.448	 1099.05	 1104.585	 1099.112

B10
889.399	 905.755	 898.983	 899.841	 897.779	 895.447	 888.234	 894.802	 893.545	 894.232	 889.744	 894.78	 897.863
963.529	 977.338	 987.635	 989.697	 1001.244	 1006.977	 1031.171	 1030.016	 1035.656	 1047.081	 1053.856	 1063.907	 1056.178	 1067.554	 1077.954	 1074.112	 1075.483	 1082.083	 1086.914	 1079.532	 1082.172	 1090.278	 1089.665	 1090.988	 1079.418	 1089.39	 1093.746	 1085.534	 1076.033	 1085.357	 1084.853	 1089.828	 1073.312	 1088.218	 1080.366	 1082.671	 1082.648	 1086.088	 1077.628	 1084.45	 1083.515	 1087.317	 1083.265	 1080.611	 1081.264	 1083.109	 1088.721	 1088.581	 1095.217	 1096.755	 1101.967	 1103.944

C10
908.924	 903.833	 906.906	 913.441	 908.515	 912.756	 907.344	 908.189	 906.588	 905.386	 906.95	 904.715	 898.323
978.3	 979.64	 996.004	 996.401	 1012.052	 1015.713	 1024.48	 1026.92	 1034.738	 1038.508	 1047.757	 1050.271	 1053.474	 1055.827	 1066.136	 1069.136	 1067.772	 1070.543	 1074.995	 1073.08	 1071.226	 1073.905	 1068.339	 1057.675	 1067.802	 1056.471	 1069.296	 1053.58	 1056.806	 1069.553	 1061.576	 1061.112	 1060.44	 1057.326	 1051.073	 1048.79	 1045.321	 1048.821	 1042.252	 1055.085	 1041.177	 1050.306	 1044.034	 1051.078	 1054.284	 1048.013	 1044.789	 1039.93	 1046.246	 1047.804	 1047.031	 1049.821

D10
876.333	 868.505	 869.97	 860.607	 869.86	 866.024	 875.506	 870.86	 860.481	 870.414	 874.164	 868.933	 872.164
928.701	 942.976	 952.851	 961.797	 975.836	 980.379	 983.794	 997.354	 1001.988	 1016.569	 1026.656	 1026.082	 1031.606	 1041.2	 1039.712	 1041.688	 1054.005	 1052.136	 1057.425	 1058.181	 1060.644	 1064.686	 1070.029	 1057.33	 1059.038	 1068.565	 1066.807	 1062.239	 1062.785	 1065.185	 1056.688	 1061.39	 1063.612	 1059.743	 1057.275	 1060.11	 1070.398	 1059.315	 1066.262	 1067.182	 1069.408	 1066.178	 1062.646	 1060.629	 1070.397	 1068.682	 1069.264	 1070.793	 1077.577	 1081.859	 1076.675	 1078.19	 1065.615

E10
810.684	 817.62	 815.879	 814.363	 816.995	 813.645	 816.099	 814.778	 808.102	 817.083	 814.621	 815.572	 813.7
897.88	 908.992	 909.726	 918.423	 928.974	 932.93	 942.015	 946.803	 961.193	 967.784	 975.408	 972.065	 982.981	 986.637	 992.206	 996.422	 996.697	 1004.31	 1005.217	 1002.387	 1005.182	 1007.117	 1001.394	 999.638	 1007.726	 1006.174	 1010.206	 1001.437	 1005.656	 1008.608	 1009.779	 1012.455	 1009.426	 1007.122	 1018.374	 1007.918	 1017.358	 1020.09	 1019.279	 1024.146	 1012.842	 1015.048	 1025.676	 1027.036	 1022.032	 1030.087	 1027.273	 1022.419	 1023.667	 1024.383	 1042.917	 1033.843	 1031.377

F10
957.264	 955.104	 955.301	 947.027	 953.599	 951.338	 954.408	 955.201	 949.907	 955.893	 954.174	 946.743	 953.496	 951.375
1051.524	 1061.927	 1073.07	 1085.588	 1086.645	 1099.94	 1115.132	 1117.874	 1126.473	 1128.361	 1142.437	 1153.609	 1158.325	 1169.572	 1167.314	 1165.912	 1172.17	 1180.72	 1182.788	 1186.817	 1175.773	 1185.096	 1194.36	 1185.988	 1192.752	 1188.912	 1194.255	 1200.925	 1198.46	 1195.999	 1200.985	 1200.216	 1197.15	 1206.506	 1207.946	 1198.203	 1205.974	 1210.92	 1214.536	 1219.279	 1216.517	 1215.578	 1219.077	 1217.357	 1212.889	 1224.593	 1221.389	 1221.388	 1226.825	 1226.39	 1226.409	 1225.925	 1226.957

G10
815.667	 814.939	 815.313	 812.936	 815.74	 818.687	 812.779	 819.559	 821.796	 807.895	 809.816	 815.497	 817.609
937.149	 948.818	 953.833	 974.575	 984.511	 999.521	 1007.779	 1011.372	 1026.489	 1029.417	 1032.359	 1039.901	 1042.142	 1042.814	 1043.127	 1044.66	 1047.478	 1057.726	 1044.495	 1040.178	 1037.919	 1037.741	 1038.684	 1035.21	 1030.419	 1032.221	 1025.424	 1028.986	 1028.524	 1030.082	 1033.276	 1027.612	 1034.512	 1029.391	 1020.842	 1026.516	 1014.982	 1026.208	 1021.902	 1022.408	 1028.199	 1031.119	 1024.621	 1028.129	 1032.154	 1028.954	 1029.888	 1026.979	 1030.208	 1025.665	 1030.056	 1031.336	 1029.141

H10
781.876	 781.796	 778.769	 776.134	 782.508	 776.422	 779.044	 785.198	 778.014	 786.139	 778.504	 777.555	 773.468
883.339	 894.03	 904.211	 906.513	 931.865	 942.771	 942.714	 946.347	 955.535	 970.168	 976.625	 978.053	 979.37	 984.796	 987.496	 984.944	 978.978	 984.603	 975.842	 970.206	 967.936	 967.347	 964.625	 955.286	 953.814	 950.18	 959.956	 948.942	 952.652	 949.516	 946.78	 954.738	 947.178	 945.417	 948.814	 947.208	 947.042	 943.899	 945.27	 949.023	 947.369	 942.31	 953.61	 950.629	 937.973	 951.502	 946.306	 948.318	 945.121	 939.482	 944.001	 947.982	 945.74

A11
920.806	 916.686	 918.93	 914.939	 911.602	 911.226	 913.365	 910.7	 909.136	 910.45	 914.307	 908.734	 911.036
1087.247	 1097.761	 1107.831	 1122.476	 1128.791	 1139.481	 1149.589	 1148.161	 1146.212	 1159.417	 1157.837	 1160.174	 1155.475	 1163.361	 1158.209	 1164.422	 1165.277	 1163.41	 1162.313	 1163.628	 1169.512	 1168.662	 1178.422	 1177.839	 1175.349	 1172.752	 1175.826	 1180.634	 1175.304	 1183.011	 1182.893	 1188.256	 1196.82	 1192.486	 1191.114	 1199.598	 1205.189	 1210.177	 1203.6	 1208.086	 1211.567	 1217.835	 1213.049	 1212.67	 1213.027	 1214.594	 1212.194	 1224.274	 1215.171	 1227.685	 1231.185	 1240.227

B11
800.138	 798.215	 800.588	 803.126	 803.285	 800.761	 799.88	 805.028	 795.576	 802.472	 804.764	 796.612	 799.466
934.725	 945.383	 951.023	 961.583	 966.594	 975.914	 979.629	 992.578	 991.753	 990.677	 996.394	 1000.971	 999.511	 1009.69	 1000.854	 1008.298	 1007.93	 1003.772	 1010.994	 1010.189	 1004.954	 1013.295	 1003.098	 998.468	 1007.024	 1010.635	 1005.256	 1013.401	 1019.176	 1014.031	 1023.632	 1012.705	 1021.492	 1019.303	 1018.793	 1027.886	 1028.907	 1025.953	 1020.916	 1032.914	 1035.972	 1030.177	 1035.509	 1039.984	 1037.127	 1045.391	 1040.637	 1040.958	 1048.454	 1050.095	 1053.5	 1059.395

C11
719.572	 722.32	 720.793	 713.91	 720.025	 710.048	 712.847	 715.844	 709.098	 715.918	 709.863	 716.044	 710.466
836.765	 841.535	 843.029	 863.676	 866.544	 874.887	 882.302	 886.599	 879.192	 893.708	 897.198	 895.648	 901.582	 907.463	 902.658	 899.51	 901.43	 905.982	 906.95	 905.099	 907.088	 904.307	 907.104	 909.073	 910.149	 911.137	 907.985	 910.752	 912.606	 913.479	 914.817	 913.484	 913.389	 903.654	 915.025	 916.851	 922.295	 925.243	 926.47	 919.24	 923.13	 924.859	 929.253	 931.026	 932.614	 934.166	 937.148	 931.421	 933.097	 938.522	 941.369	 936.525

D11
949.51	 961.249	 954.183	 951.675	 957.66	 963.787	 957.889	 960.219	 949.518	 958.506	 959.746	 959.304	 950.309
1052.125	 1057.17	 1073.342	 1084.544	 1101.698	 1096.438	 1112.163	 1126.406	 1133.464	 1139.785	 1144.287	 1153.789	 1159.625	 1164.174	 1167.251	 1174.386	 1176.531	 1176.113	 1178.669	 1180.332	 1184.87	 1184.648	 1185.864	 1178.177	 1184.818	 1186.412	 1185.232	 1191.045	 1192.393	 1192.895	 1193.935	 1200.079	 1198.311	 1197.458	 1203.744	 1203.531	 1208.489	 1209.368	 1217.137	 1207.164	 1210.922	 1212.718	 1219.908	 1218.252	 1221.071	 1232.861	 1227.47	 1230.944	 1234.642	 1235.778	 1232.429	 1231.138	 1227.952

E11
904.845	 900.13	 902.23	 901.444	 906.57	 892.014	 902.836	 902.035	 897.406	 896.294	 903.684	 896.15	 898.658
999.613	 1016.106	 1020.204	 1034.021	 1046.029	 1046.531	 1065.245	 1072.043	 1075.4	 1087.994	 1089.663	 1103.992	 1097.318	 1104.21	 1110.323	 1107.48	 1121.821	 1118.232	 1130.846	 1130.519	 1130.395	 1134.902	 1133.277	 1135.161	 1141.003	 1139.446	 1141.019	 1142.247	 1153.233	 1138.439	 1152.633	 1157.653	 1154.052	 1158.197	 1162.353	 1157.48	 1159.244	 1170.388	 1166.81	 1170.697	 1163.149	 1166.037	 1167.18	 1177.155	 1181.606	 1186.017	 1184.203	 1179.068	 1192.797	 1191.776	 1188.737	 1185.425	 1195.304

F11
1043.485	 1043.726	 1038.839	 1047.393	 1042.313	 1042.832	 1042.731	 1038.508	 1041.908	 1048.794	 1041.758	 1032.396	 1044.312	 1034.464
1120.487	 1137.939	 1147.136	 1164.648	 1164.923	 1192.665	 1195.719	 1203.543	 1221.052	 1224.099	 1227.751	 1240.88	 1244.444	 1259.845	 1260.815	 1267.583	 1269.163	 1276.594	 1284.254	 1284.703	 1293.529	 1291.611	 1297.194	 1297.397	 1301.286	 1300.101	 1312.874	 1300.089	 1309.733	 1308.904	 1306.708	 1314.042	 1314.055	 1314.485	 1307.95	 1318.505	 1325.638	 1321.503	 1326.792	 1326.312	 1324.518	 1327.951	 1336.384	 1336.975	 1334.728	 1331.817	 1339.828	 1353.622	 1346.004	 1344.972	 1345.084	 1349.877	 1350.701

G11
882.336	 879.558	 875.176	 883.663	 877.746	 877.052	 881.73	 880.775	 880.341	 882.058	 881.749	 880.089	 883.194
999.362	 998.078	 1007.041	 1020.083	 1036.499	 1052.217	 1057.738	 1067.399	 1077.705	 1085.261	 1095.805	 1093.247	 1107.506	 1110.217	 1108.167	 1105.762	 1104.484	 1094.929	 1102.305	 1097.213	 1098.733	 1103.592	 1098.89	 1094.251	 1094.127	 1098.492	 1088.082	 1082.976	 1085.872	 1089.657	 1081.887	 1081.342	 1077.103	 1075.064	 1082.513	 1086.951	 1076.104	 1080.21	 1076.71	 1068.733	 1080.695	 1070.25	 1071.468	 1074.832	 1070.413	 1070.568	 1076.594	 1080.627	 1076.722	 1074.568	 1063.014	 1069.253	 1068.579

H11
744.666	 736.229	 746.716	 742.962	 737.79	 742.776	 740.98	 739.19	 733.55	 740.751	 736.034	 735.806	 740.203
869.441	 879.699	 883.71	 905.246	 907.185	 916.14	 925.299	 924.453	 929.496	 938.934	 941.003	 942.474	 939.478	 944.058	 955.237	 945.701	 946.581	 945.411	 948.197	 946.671	 950.882	 946.813	 939.406	 944.875	 947.614	 942.695	 936.218	 941.217	 934.171	 943.252	 937.93	 939.276	 929.982	 942.628	 936.16	 937.039	 936.891	 931.44	 935.083	 938.836	 936.443	 929.79	 937.568	 930.32	 944.884	 930.727	 938.628	 935.131	 931.67	 942.773	 942.915	 940.968	 941.645

A12
886.032	 876.394	 878.163	 880.546	 884.152	 877.17	 883.848	 876.846	 883.69	 877.003	 878.597	 885.774	 876.937
978.686	 992.595	 998.461	 1002.787	 1019.163	 1029.6	 1037.229	 1048.952	 1046.278	 1057.71	 1053.605	 1067.319	 1076.081	 1072.972	 1078.476	 1088.805	 1089.77	 1092.448	 1104.596	 1082.649	 1093.113	 1092.825	 1102.643	 1096.493	 1101.106	 1108.524	 1101.42	 1107.231	 1103.683	 1116.607	 1113.115	 1121.505	 1115.45	 1128.313	 1116.277	 1127.312	 1121.923	 1137.1	 1128.29	 1142.427	 1135.017	 1145.235	 1146.638	 1147.443	 1151.92	 1138.5	 1158.401	 1156.832	 1163.905	 1155.104	 1162.117	 1166.188

B12
876.386	 879.689	 880.628	 875.318	 875.748	 876.683	 876.336	 876.971	 869.921	 874.956	 876.909	 868.396	 876.572
973.034	 981.222	 996.381	 1011.665	 1012.039	 1022.622	 1040.015	 1042.431	 1048.96	 1048.842	 1052.978	 1065.569	 1066.92	 1069.023	 1074.29	 1080.397	 1083.156	 1076.25	 1080.126	 1083.267	 1074.696	 1081.221	 1084.536	 1087.92	 1078.415	 1090.709	 1092.372	 1083.573	 1080.081	 1089.262	 1097.886	 1100.333	 1093.676	 1101.835	 1095.878	 1104.445	 1108.348	 1099.953	 1104.101	 1103.764	 1123.447	 1121.073	 1125.726	 1120.342	 1128.784	 1124.753	 1128.513	 1119.987	 1129.922	 1133.887	 1138.141	 1133.184

C12
882.496	 874.361	 880.921	 882.358	 873.916	 875.308	 873.698	 874.841	 878.864	 871.106	 871.26	 878.907	 871.726
948.763	 954.689	 962.719	 976.781	 989.132	 999.395	 1014.444	 1016.208	 1022.853	 1030.089	 1034.839	 1046.974	 1043.036	 1042.518	 1058.659	 1056.779	 1061.54	 1060.18	 1064.237	 1068.105	 1068.946	 1059.112	 1065.778	 1063.235	 1073.502	 1075.139	 1069.756	 1062.452	 1067.967	 1073.54	 1070.398	 1071.192	 1073.247	 1071.051	 1074.426	 1078.431	 1075.537	 1081.768	 1079.132	 1092.416	 1088.894	 1090.356	 1090.73	 1089.766	 1097.122	 1092.813	 1093.66	 1087.234	 1102.259	 1099.266	 1106.456	 1103.902	 1103.651

D12
626.943	 619.621	 614.578	 621.252	 617.039	 618.703	 616.432	 611.48	 622.701	 614.634	 619.654	 621.339	 617.776
699.88	 708.26	 711.284	 718.337	 727.141	 731.057	 739.55	 743.864	 747.18	 747.721	 757.414	 758.472	 756.712	 766.981	 768.35	 765.867	 768.586	 761.058	 768.704	 769.288	 774.258	 767.237	 769.308	 766.244	 769.86	 769.09	 761.174	 769.392	 768.829	 769.176	 771.106	 771.559	 770.986	 775.952	 763.28	 777.102	 774.685	 779.215	 781.37	 781.244	 781.723	 777.961	 787.759	 787.539	 787.401	 784.226	 787.062	 788.611	 790.03	 792.099	 794.452	 788.383	 798.585

E12
752.736	 751.248	 754.092	 749.215	 755.993	 755.58	 756.831	 754.565	 751.297	 751.762	 747.941	 749.532	 756.678	 750.04
868.038	 884.606	 892.747	 905.137	 911.511	 912.077	 928.635	 925.48	 938.363	 951.405	 947.23	 956.818	 955.29	 965.907	 960.938	 970.733	 973.281	 978.959	 984.37	 981.285	 986.427	 982.842	 990.8	 992.37	 995.151	 987.216	 995.246	 1000.563	 1000.403	 997.412	 1008.622	 1011.892	 1015.235	 1018.033	 1012.961	 1022.722	 1023.185	 1026.797	 1024.386	 1031.607	 1029.913	 1045.04	 1039.786	 1045.73	 1041.94	 1050.305	 1048.673	 1049.096	 1044.381	 1053.513	 1055.054	 1052.859	 1052.14

F12
963.893	 964.983	 962.368	 967.131	 960.431	 964.889	 956.382	 962.443	 960.138	 960.478	 959.346	 960.651	 953.713
1052.733	 1067.848	 1074.076	 1090.785	 1095.903	 1104.133	 1118.402	 1127.953	 1130.988	 1144.255	 1156.725	 1160.757	 1162.395	 1174.091	 1166.868	 1175.184	 1181.658	 1197.381	 1193.565	 1197.631	 1186.581	 1194.395	 1203.986	 1197.668	 1201.355	 1215.51	 1215.674	 1208.11	 1212.581	 1224.741	 1219.42	 1213.206	 1222.449	 1213.903	 1228.886	 1229.566	 1238.117	 1229.905	 1239.421	 1228.305	 1247.763	 1246.93	 1249.119	 1251.997	 1248.628	 1251.907	 1264.57	 1266.223	 1259.863	 1261.166	 1268.565	 1272.084	 1281.704

G12
681.063	 675.717	 680.672	 679.041	 679.952	 679.932	 680.474	 678.379	 680.324	 675.067	 678.648	 680.125	 677.798
819.551	 827.059	 837.837	 840.765	 851.993	 861.491	 863.327	 874.069	 873.851	 879.396	 880.073	 881.907	 882.524	 876.537	 884.512	 879.068	 883.83	 887.382	 881.207	 879.7	 882.09	 883.1	 877.802	 877.801	 876.249	 882.973	 873.835	 870.708	 871.796	 873.337	 872.913	 874.917	 874.411	 870.365	 870.934	 872.925	 872.855	 865.109	 875.537	 876.531	 869.674	 869.626	 869.788	 875.461	 872.373	 874.15	 875.1	 880.431	 875.613	 872.116	 869.29	 879.099	 871.596

H12
467.025	 467.646	 469.438	 470.65	 469.128	 469.109	 466.822	 470.073	 464.08	 470.51	 473.707	 471.74	 469.868
580.76	 581.779	 592.145	 601.897	 605.075	 602.601	 608.754	 610.44	 613.261	 614.751	 618.848	 616.21	 613.23	 612.088	 614.476	 610.924	 616.533	 612.902	 613.427	 607.372	 608.836	 611.242	 606.895	 606.222	 608.002	 604.026	 600.222	 597.525	 598.504	 604.105	 590.976	 595.369	 594.05	 593.531	 597.407	 595.592	 597.478	 597.835	 601.641	 598.417	 596.104	 592.397	 592.874	 594.148	 596.677	 596.637	 585.871	 592.655	 593.594	 591.598	 594.565	 592.697

