A1
1335.226	 1330.05	 1330.384	 1325.269	 1332.691	 1320.371	 1329.252	 1337.599	 1317.946	 1320.682	 1328.349	 1327.826	 1322.19
1300.548	 1313.231	 1314.827	 1317.559	 1323.364	 1326.779	 1338.112	 1333.647	 1342.068	 1343.864	 1345.346	 1346.088	 1357.812	 1357.031	 1361.661	 1376.988	 1376.824	 1385.651	 1385.072	 1395.986	 1397.393	 1422.382	 1417.437	 1429.271	 1427.808	 1438.249	 1430.474	 1431.288	 1449.491	 1440.911	 1459.409	 1458.56	 1478.911	 1474.398	 1478.029	 1491.476	 1500.155	 1492.999	 1495.756	 1498.615	 1513.451	 1513.306	 1520.851	 1511.84	 1532.586	 1528.023	 1523.839	 1536.984	 1526.146	 1542.56	 1539.79	 1553.234

B1
1206.92	 1210.177	 1210.442	 1210.768	 1203.349	 1208.921	 1210.125	 1204.185	 1209.272	 1211.368	 1202.471	 1216.352	 1203.792
1212.844	 1217.4	 1227.211	 1229.383	 1233.864	 1242.515	 1242.519	 1258.286	 1248.595	 1257.529	 1262.499	 1266.721	 1273.837	 1279.687	 1285.459	 1290.129	 1293.146	 1298.151	 1305.73	 1305.65	 1319.543	 1320.347	 1321.855	 1320.613	 1326.069	 1337.772	 1339.822	 1346.691	 1348.551	 1355.071	 1361.771	 1358.29	 1362.719	 1377.556	 1376.036	 1374.709	 1385.651	 1383.724	 1389.112	 1384.392	 1394.967	 1398.536	 1407.209	 1395.526	 1414.881	 1407.228	 1410.467	 1409.448	 1412.13	 1412.741	 1410.883	 1417.763

C1
1039.045	 1035.424	 1041.937	 1036.338	 1036.126	 1034.993	 1017.655	 1034.943	 1035.102	 1033.082	 1032.482	 1016.956	 1030.574
1033.39	 1028.748	 1033.436	 1037.837	 1048.949	 1052.128	 1050.369	 1066.018	 1067.294	 1067.497	 1077.966	 1078.681	 1082.154	 1086.608	 1098.164	 1088.649	 1097.228	 1109.494	 1104.572	 1119.321	 1109.624	 1118.705	 1123.83	 1119.056	 1145.682	 1138.617	 1137.003	 1152.82	 1151.216	 1163.843	 1160.966	 1161.489	 1176.422	 1171.357	 1173.163	 1184.422	 1177.66	 1188.341	 1189.676	 1193.567	 1205.711	 1208.034	 1202.141	 1200.837	 1209.959	 1213.819	 1209.667	 1215.956	 1214.294	 1218.008	 1205.737	 1219.309

D1
1053.059	 1057.562	 1056.418	 1055.106	 1056.592	 1055.528	 1050.579	 1056.506	 1048.02	 1054.758	 1056.939	 1048.024	 1055.469
1063.226	 1060.041	 1066.706	 1077.717	 1071.631	 1079.691	 1087.413	 1084.329	 1085.95	 1091.346	 1095.615	 1104.922	 1108.963	 1112.336	 1114.629	 1122.734	 1120.487	 1121.107	 1135.347	 1139.073	 1145.157	 1146.82	 1149.308	 1160.791	 1153.575	 1156.093	 1161.847	 1168.011	 1178.115	 1182.149	 1178.416	 1186.019	 1186.118	 1188.616	 1190.96	 1196.925	 1203.715	 1205.396	 1205.743	 1215.868	 1213.44	 1216.416	 1213.919	 1225.665	 1218.278	 1221.953	 1221.878	 1226.729	 1220.848	 1215.766	 1230.366	 1225.244

E1
987.388	 984.28	 985.289	 995.638	 989.621	 991.727	 979.482	 995.087	 990.607	 986.298	 990.476	 991.298	 992.826
1003.744	 1003.543	 1005.661	 1006.2	 999.974	 1014.429	 1016.718	 1022.707	 1009.753	 1019.876	 1025.71	 1030.97	 1036.857	 1033.822	 1036.868	 1040.412	 1052.569	 1050.432	 1053.042	 1056.613	 1065.175	 1074.311	 1069.629	 1081.119	 1078.361	 1080.612	 1083.599	 1094.098	 1090.784	 1102.518	 1109.941	 1107.44	 1111.854	 1118.228	 1121.989	 1118.657	 1120.716	 1122.573	 1132.807	 1132.648	 1138.475	 1138.491	 1144.178	 1146.25	 1146.251	 1151.658	 1153.805	 1151.5	 1155.187	 1160.476	 1160.202	 1159.611	 1156.02

F1
1000.605	 1003.79	 1000.206	 995.531	 996.233	 1001.843	 1007.48	 993.031	 1000.628	 998.116	 1003.846	 1000.4	 1000.103	 1004.028
1040.482	 1046.447	 1052.864	 1053.046	 1048.599	 1053.334	 1058.869	 1058.759	 1062.726	 1068.877	 1067.235	 1073.121	 1079.208	 1083.044	 1081.817	 1090.212	 1089.497	 1095.738	 1097.41	 1104.463	 1094.154	 1108.319	 1116.379	 1098.593	 1114.994	 1122.246	 1129.896	 1125.191	 1121.097	 1131.047	 1138.33	 1144.001	 1145.49	 1146.896	 1150.004	 1145.876	 1153.507	 1146.273	 1154.629	 1149.156	 1155.188	 1151.888	 1152.787	 1141.81	 1139.06	 1144.603	 1145.64	 1143.311	 1140.448	 1131.061	 1123.767	 1124.826	 1119.722

G1
544.871	 550.874	 551.165	 544.664	 542.53	 545.393	 545.922	 542.611	 545.252	 541.806	 544.446	 543.284	 547.682
563.814	 554.739	 563.598	 558.099	 561.888	 565.172	 562.793	 566.035	 567.719	 568.258	 567.389	 570.885	 572.056	 572.878	 569.16	 575.618	 576.078	 573.934	 577.529	 579.455	 586.378	 581.708	 583.637	 583.007	 590.114	 587.49	 587.965	 591.918	 589.852	 594.355	 594.618	 596.279	 594.021	 593.388	 590.673	 589.5	 589.401	 591.124	 590.122	 588.826	 586.373	 583.676	 578.758	 579.715	 576.604	 565.729	 568.703	 568.928	 562.563	 558.399	 552.217	 549.057	 547.461

H1
449.047	 445.838	 446.557	 443.618	 443.967	 446.447	 440.232	 441.761	 447.75	 442.112	 442.217	 445.974	 440.642
427.018	 429.449	 429.841	 431.927	 430.682	 432.74	 436.345	 431.496	 437.249	 438.035	 441.833	 437.812	 445.109	 447.882	 444.124	 444.194	 449.495	 451.789	 454.137	 452.344	 454.31	 455.444	 460.488	 459.367	 457.149	 460.845	 464.784	 468.998	 467.778	 469.898	 469.434	 472.283	 467.701	 469.727	 473.305	 471.267	 468.874	 475.329	 473.682	 473.09	 470.628	 469.766	 469.226	 462.577	 467.058	 467.924	 464.122	 459.546	 455.273	 458.716	 454.85	 451.053	 449.153

A2
1144.589	 1140.665	 1141.068	 1149.327	 1138.047	 1137.679	 1143.521	 1137.776	 1145.432	 1138.793	 1141.569	 1144.582	 1139.382
1155.64	 1162.938	 1167.112	 1168.524	 1175.022	 1170.7	 1175.511	 1179.249	 1186.634	 1194.382	 1196.969	 1206.59	 1209.7	 1201.701	 1217.083	 1213.801	 1233.034	 1226.591	 1235.866	 1234.447	 1239.581	 1241.191	 1247.854	 1252.492	 1249.62	 1259.425	 1270.334	 1265.566	 1261.899	 1281.34	 1278.269	 1282.986	 1282.865	 1300.322	 1292.351	 1298.419	 1300.514	 1294.562	 1301.429	 1289.515	 1284.879	 1288.245	 1296.301	 1301.518	 1287.349	 1297.931	 1295.807	 1289.833	 1287.038	 1284.54	 1277.792	 1283.398

B2
1142.005	 1138.486	 1146.178	 1138.388	 1144.264	 1139.196	 1150.124	 1145.697	 1138.047	 1141.029	 1131.759	 1129.73	 1140.318
1174.394	 1183.032	 1176.825	 1187.351	 1196.724	 1190.219	 1209.276	 1204.778	 1204.757	 1217.044	 1221.075	 1219.436	 1234.268	 1219.951	 1232.303	 1228.517	 1247.059	 1249.809	 1256.693	 1260.681	 1263.233	 1266.232	 1275.204	 1270.021	 1281.85	 1284.567	 1287.795	 1297.407	 1286.862	 1291.474	 1298.995	 1301.204	 1297.516	 1301.032	 1295.534	 1298.607	 1301.219	 1296.016	 1283.223	 1290.792	 1291.373	 1277.069	 1283.372	 1270.973	 1265.364	 1260.046	 1258.775	 1245.516	 1241.362	 1223.966	 1217.269	 1212.506

C2
1095.07	 1093.084	 1091.357	 1090.899	 1092.061	 1091.847	 1089.984	 1098.482	 1096.727	 1091.861	 1087.296	 1086.852	 1090.963
1150.973	 1155.078	 1160.219	 1161.368	 1162.648	 1166.11	 1173.795	 1164.644	 1182.631	 1190.658	 1191.941	 1193.499	 1195.872	 1201.194	 1202.301	 1203.775	 1218.894	 1219.078	 1214.166	 1220.209	 1222.504	 1222.663	 1237.578	 1234.88	 1245.682	 1242.868	 1252.734	 1250.933	 1251.34	 1252.577	 1252.874	 1250.428	 1251.495	 1248.813	 1249.695	 1235.402	 1245.217	 1236.547	 1239.32	 1230.724	 1222.327	 1223.878	 1213.364	 1199.702	 1197.228	 1195.71	 1182.756	 1176.016	 1163.749	 1163.084	 1150.675	 1144.534

D2
1191.407	 1196.8	 1191.159	 1185.288	 1184.304	 1189.622	 1183.702	 1187.246	 1184.307	 1181.869	 1183.273	 1179.575	 1190.547
1224.636	 1235.712	 1233.322	 1241.189	 1243.481	 1259.473	 1258.275	 1269.869	 1270.33	 1281.732	 1275.442	 1287.399	 1296.262	 1305.77	 1308.725	 1304.606	 1312.887	 1319.153	 1326.378	 1328.171	 1344.289	 1338.461	 1355.361	 1350.439	 1363.659	 1370.42	 1377.293	 1365.815	 1380.616	 1376.985	 1379.095	 1386.558	 1384.538	 1384.958	 1383.671	 1395.719	 1392.651	 1390.278	 1386.341	 1380.824	 1368.582	 1378.624	 1371.919	 1363.656	 1355.937	 1355.979	 1350.062	 1333.24	 1333.363	 1324.185	 1316.33	 1308.935

E2
1150.149	 1144.977	 1147.767	 1148.336	 1147.192	 1143.398	 1140.623	 1144.47	 1144.621	 1149.986	 1137.635	 1137.414	 1138.399
1195.332	 1198.681	 1199.723	 1200.363	 1211.571	 1204.344	 1216.328	 1228.499	 1221.723	 1232.417	 1233.215	 1239.738	 1242.522	 1244.495	 1257.376	 1252.269	 1265.714	 1264.777	 1274.681	 1277.907	 1276.421	 1287.648	 1299.288	 1301.877	 1290.918	 1306.56	 1304.071	 1307.73	 1301.527	 1311.512	 1313.243	 1311.559	 1309.727	 1317.812	 1305.864	 1305.412	 1305.436	 1293.237	 1287.559	 1293.219	 1288.328	 1281.545	 1270.619	 1262.557	 1260.302	 1243.678	 1239.867	 1224.401	 1229.647	 1205.423	 1201.626	 1192.943	 1176.814

F2
1131.361	 1122.344	 1121.808	 1117.033	 1124.374	 1124.608	 1127.272	 1126.681	 1119.594	 1126.758	 1117.596	 1120.315	 1113.763	 1113.54
1174.955	 1178.937	 1182.759	 1187.173	 1186.999	 1174.625	 1198.221	 1199.027	 1197.993	 1207.585	 1206.846	 1218.79	 1229.063	 1228.064	 1225.232	 1234.816	 1237.837	 1250.062	 1255.052	 1255.505	 1257.486	 1267.827	 1267.501	 1276.766	 1273.285	 1272.588	 1285.578	 1276.833	 1278.132	 1285.714	 1280.805	 1280.791	 1271.509	 1276.036	 1275.201	 1272.368	 1275.467	 1269.937	 1252.706	 1249.73	 1253.046	 1239.081	 1231.039	 1222.364	 1223.403	 1202.497	 1197.813	 1179.087	 1176.961	 1166.56	 1158.301	 1145.946	 1138.046

G2
1374.796	 1384.981	 1377.037	 1376.814	 1380.751	 1382.281	 1386.102	 1379.748	 1363.16	 1375.606	 1385.456	 1372.764	 1379.38
1451.019	 1458.053	 1464.216	 1468.28	 1478.312	 1484.106	 1487.35	 1499.243	 1492.805	 1500.306	 1508.045	 1517.146	 1522.757	 1535.004	 1525.998	 1554.442	 1539.448	 1557.81	 1559.234	 1562.059	 1577.107	 1560.204	 1580.104	 1590.032	 1597.418	 1591.01	 1591.583	 1592.581	 1594.727	 1595.358	 1593.368	 1591.595	 1595.867	 1589.657	 1584.766	 1574.037	 1573.537	 1572.158	 1556.076	 1538.041	 1544.857	 1525.989	 1517.705	 1512.786	 1502.538	 1488.584	 1476.21	 1454.769	 1451.384	 1434.786	 1422.141	 1410.011	 1403.476

H2
774.84	 780.667	 779.613	 771.773	 782.082	 774.017	 773.771	 773.739	 766.702	 777.898	 772.954	 771.285	 770.495
809.256	 803.973	 804.157	 807.136	 814.469	 817.341	 812.688	 820.941	 825.548	 824.203	 829.878	 841.503	 837.006	 837.23	 845.324	 854.537	 848.633	 856.887	 861.628	 862.77	 864.351	 862.473	 874.853	 876.35	 877.198	 881.189	 880.389	 879.177	 882.135	 882.845	 881.699	 876.401	 872.786	 870.939	 862.584	 858.516	 856.666	 851.375	 843.539	 832.349	 822.717	 811.739	 802.452	 792.068	 783.48	 765.886	 757.113	 751.07	 740.664	 727.729	 712.214	 699.958	 692.606

A3
1135.628	 1141.295	 1134.953	 1133.901	 1138.741	 1144.084	 1135.207	 1135.883	 1140.984	 1135.893	 1142.635	 1130.421	 1140.882
1154.098	 1153.918	 1165.155	 1158.147	 1170.249	 1169.312	 1184.536	 1186.572	 1184.211	 1198.866	 1188.771	 1210.127	 1212.11	 1220.304	 1212.022	 1225.57	 1223.516	 1233.305	 1233.948	 1231.154	 1255.359	 1255.945	 1256.063	 1259.281	 1271.419	 1270.728	 1283.225	 1274.313	 1280.415	 1282.749	 1291.235	 1297.793	 1295.423	 1305.851	 1315.658	 1305.932	 1314.907	 1321.69	 1319.951	 1316.316	 1324.16	 1322.064	 1315.142	 1316.568	 1312.126	 1313.666	 1314.105	 1307.716	 1312.695	 1301.105	 1309.365	 1295.387

B3
1190.591	 1192.734	 1187.85	 1179.39	 1180.459	 1185.646	 1185.657	 1184.895	 1191.683	 1186.258	 1183.6	 1191.471	 1176.814
1204.277	 1205.642	 1208.913	 1215.259	 1228.543	 1228.732	 1232.39	 1238.268	 1239.169	 1229.516	 1247.171	 1264.981	 1262.201	 1269.78	 1280.484	 1278.276	 1292.913	 1294.694	 1297.655	 1310.798	 1308.115	 1312.142	 1320.969	 1327.972	 1330.797	 1333.295	 1343.543	 1350.765	 1353.597	 1353.148	 1359.47	 1365.886	 1371.348	 1366.496	 1370.729	 1361.176	 1382.761	 1385.747	 1383.389	 1382.879	 1382.306	 1376.258	 1373.801	 1368.6	 1371.847	 1367.257	 1367.77	 1367.361	 1360.794	 1359.899	 1356.413	 1347.096

C3
1022.836	 1025.416	 1025.212	 1022.372	 1022.355	 1016.053	 1010.632	 1016.788	 1010.206	 1023.271	 1025.539	 1018.915	 1017.274
1011.63	 1021.271	 1017.102	 1028.301	 1025.691	 1040.808	 1049.905	 1050.275	 1048.756	 1062.219	 1063.386	 1065.843	 1076.479	 1080.369	 1078.657	 1086.458	 1094.234	 1103.0	 1097.764	 1102.783	 1113.351	 1126.519	 1118.754	 1128.395	 1136.862	 1140.908	 1139.395	 1146.512	 1158.594	 1160.016	 1165.109	 1170.564	 1174.3	 1179.154	 1186.966	 1190.018	 1189.413	 1192.506	 1194.686	 1192.466	 1202.595	 1198.192	 1205.943	 1206.521	 1198.658	 1205.634	 1197.08	 1203.947	 1191.233	 1196.319	 1184.806	 1189.033

D3
1071.331	 1069.476	 1073.206	 1075.799	 1073.89	 1070.13	 1072.004	 1069.605	 1067.486	 1067.612	 1070.503	 1064.142	 1067.269
1089.873	 1099.193	 1097.764	 1102.766	 1112.367	 1109.118	 1113.894	 1129.436	 1125.933	 1139.222	 1144.387	 1142.459	 1153.856	 1159.316	 1170.236	 1160.017	 1165.585	 1179.661	 1181.079	 1187.071	 1190.463	 1200.542	 1210.974	 1212.444	 1217.073	 1230.714	 1228.84	 1238.385	 1243.001	 1236.899	 1245.365	 1252.48	 1252.82	 1251.349	 1265.159	 1267.119	 1263.343	 1250.258	 1248.26	 1264.252	 1254.201	 1259.117	 1251.835	 1246.316	 1243.473	 1233.28	 1234.252	 1222.289	 1221.475	 1209.164	 1202.679	 1193.703

E3
1040.938	 1039.533	 1044.351	 1042.562	 1042.643	 1045.573	 1046.122	 1040.395	 1049.836	 1048.516	 1044.842	 1035.473	 1032.585
1082.179	 1081.919	 1082.913	 1095.78	 1098.164	 1099.818	 1107.112	 1111.069	 1114.925	 1121.697	 1117.995	 1124.931	 1123.35	 1127.131	 1126.764	 1141.74	 1131.659	 1147.515	 1149.073	 1159.188	 1151.996	 1160.95	 1164.791	 1167.492	 1176.062	 1178.14	 1182.018	 1182.139	 1180.67	 1185.334	 1190.679	 1180.874	 1177.338	 1176.44	 1183.464	 1170.148	 1167.574	 1166.41	 1160.404	 1153.244	 1148.495	 1145.88	 1140.937	 1127.91	 1117.254	 1108.988	 1098.897	 1096.08	 1074.625	 1070.111	 1056.428	 1048.798	 1032.897

F3
1063.626	 1052.815	 1059.019	 1054.631	 1059.957	 1053.306	 1062.055	 1064.835	 1052.087	 1062.154	 1058.876	 1052.452	 1053.256	 1050.392
1098.858	 1103.09	 1106.125	 1111.017	 1118.976	 1112.836	 1126.101	 1127.428	 1131.157	 1137.48	 1143.406	 1143.163	 1143.652	 1155.139	 1157.372	 1159.6	 1168.642	 1169.313	 1163.398	 1177.8	 1189.91	 1192.17	 1195.998	 1197.844	 1201.207	 1206.701	 1211.51	 1205.951	 1207.584	 1212.648	 1217.679	 1211.299	 1203.976	 1202.16	 1210.08	 1196.953	 1196.906	 1196.626	 1194.42	 1174.066	 1177.674	 1165.573	 1166.251	 1156.657	 1145.87	 1138.013	 1123.418	 1116.727	 1094.505	 1100.052	 1079.505	 1079.882	 1068.22

G3
1104.61	 1103.459	 1103.718	 1099.168	 1105.79	 1103.678	 1109.475	 1104.587	 1101.742	 1099.047	 1101.839	 1105.653	 1093.655
1132.866	 1131.045	 1130.859	 1142.427	 1139.135	 1152.077	 1143.884	 1154.851	 1164.32	 1163.66	 1164.908	 1174.69	 1181.997	 1185.431	 1185.68	 1193.218	 1207.415	 1202.591	 1205.393	 1216.798	 1208.885	 1223.634	 1226.441	 1229.424	 1237.98	 1232.361	 1241.199	 1237.707	 1249.882	 1249.83	 1247.882	 1260.929	 1262.396	 1258.179	 1263.812	 1257.435	 1254.715	 1246.247	 1246.344	 1249.051	 1248.848	 1248.135	 1231.414	 1237.731	 1227.265	 1219.351	 1219.557	 1211.026	 1204.829	 1193.805	 1191.896	 1182.151	 1160.098

H3
654.044	 657.445	 662.273	 657.479	 663.758	 654.171	 654.134	 658.473	 655.6	 656.634	 658.006	 653.71	 657.72
667.306	 667.933	 670.698	 672.745	 671.591	 671.687	 678.242	 683.011	 679.46	 688.172	 684.872	 686.258	 691.356	 692.819	 699.65	 695.174	 703.462	 698.33	 705.452	 706.883	 706.995	 713.556	 715.831	 712.801	 712.396	 711.547	 715.222	 720.088	 718.502	 711.935	 708.99	 707.561	 706.698	 699.854	 694.898	 690.167	 684.865	 682.437	 678.018	 668.173	 666.846	 660.928	 652.37	 647.017	 633.62	 629.611	 620.01	 611.937	 606.788	 600.373	 596.128	 584.181	 574.738

A4
1165.446	 1166.178	 1165.407	 1172.201	 1167.052	 1164.093	 1167.114	 1166.105	 1172.366	 1167.146	 1164.345	 1167.784	 1164.622
1195.426	 1188.406	 1203.49	 1200.525	 1202.496	 1215.318	 1220.106	 1226.073	 1235.586	 1239.095	 1237.485	 1247.181	 1244.535	 1262.102	 1266.919	 1271.351	 1276.153	 1286.849	 1291.926	 1300.157	 1300.205	 1309.159	 1313.398	 1324.993	 1317.259	 1327.976	 1339.137	 1336.39	 1339.864	 1344.425	 1351.439	 1339.356	 1364.0	 1364.348	 1360.873	 1367.511	 1367.741	 1370.637	 1368.861	 1362.278	 1366.025	 1356.087	 1361.243	 1362.502	 1364.035	 1353.189	 1347.151	 1346.049	 1343.972	 1342.43	 1331.855	 1325.465

B4
1191.841	 1197.191	 1190.943	 1190.894	 1190.364	 1189.85	 1193.977	 1194.443	 1196.508	 1200.615	 1184.977	 1186.51	 1191.14
1237.657	 1236.448	 1240.174	 1238.67	 1255.513	 1257.409	 1262.88	 1266.666	 1273.423	 1282.357	 1289.004	 1295.386	 1298.439	 1304.086	 1303.125	 1314.621	 1318.205	 1324.994	 1340.339	 1340.08	 1349.865	 1346.749	 1354.841	 1361.582	 1353.617	 1363.28	 1369.068	 1374.028	 1382.522	 1380.609	 1385.602	 1391.457	 1392.661	 1392.592	 1383.875	 1389.306	 1379.309	 1388.64	 1384.699	 1376.936	 1379.861	 1373.785	 1367.536	 1369.743	 1356.699	 1351.493	 1350.593	 1335.9	 1324.804	 1335.778	 1329.258	 1317.321

C4
1081.966	 1070.215	 1078.809	 1074.332	 1077.688	 1079.936	 1072.862	 1074.338	 1073.109	 1075.435	 1077.83	 1075.469	 1078.468
1082.221	 1091.476	 1095.386	 1099.043	 1102.958	 1109.85	 1105.941	 1109.641	 1123.854	 1127.419	 1124.766	 1130.168	 1134.069	 1129.925	 1149.944	 1149.587	 1158.111	 1177.03	 1166.521	 1178.653	 1182.053	 1182.045	 1193.604	 1198.39	 1205.476	 1202.023	 1211.843	 1210.494	 1226.273	 1222.88	 1233.344	 1220.521	 1233.008	 1237.572	 1239.087	 1241.882	 1242.529	 1240.103	 1246.619	 1244.303	 1244.101	 1232.383	 1246.896	 1248.016	 1232.479	 1243.234	 1234.076	 1236.291	 1228.419	 1226.193	 1222.192	 1210.946	 1204.095

D4
1106.89	 1108.611	 1103.302	 1117.629	 1103.66	 1112.627	 1114.578	 1107.462	 1098.393	 1111.45	 1109.128	 1104.656	 1105.035	 1100.649
1133.141	 1141.673	 1144.788	 1145.768	 1152.694	 1161.977	 1166.665	 1172.437	 1180.218	 1174.758	 1192.657	 1194.193	 1197.06	 1208.068	 1195.419	 1220.553	 1211.806	 1235.005	 1229.102	 1235.458	 1248.479	 1247.361	 1258.209	 1252.434	 1264.773	 1279.949	 1273.207	 1276.624	 1281.753	 1280.844	 1283.248	 1285.368	 1285.399	 1274.476	 1279.313	 1286.856	 1273.734	 1276.889	 1274.933	 1263.322	 1272.05	 1253.466	 1255.781	 1250.951	 1251.261	 1232.335	 1228.813	 1220.475	 1213.313	 1209.821	 1192.141	 1191.317	 1178.891

E4
1085.517	 1087.044	 1090.145	 1089.526	 1079.833	 1091.688	 1097.428	 1084.671	 1087.668	 1088.079	 1082.198	 1086.031	 1088.007	 1081.566
1090.013	 1090.984	 1095.57	 1103.092	 1104.631	 1108.399	 1116.959	 1121.179	 1125.489	 1130.131	 1139.089	 1147.718	 1145.013	 1152.071	 1159.686	 1168.913	 1177.087	 1176.216	 1183.763	 1194.979	 1193.889	 1201.095	 1203.276	 1213.81	 1212.854	 1228.652	 1233.281	 1241.953	 1236.71	 1247.738	 1249.6	 1252.202	 1259.958	 1261.935	 1267.252	 1264.821	 1272.814	 1264.814	 1276.319	 1258.275	 1271.39	 1261.529	 1261.885	 1252.961	 1255.961	 1252.334	 1243.076	 1236.22	 1235.666	 1229.054	 1216.839	 1208.605	 1203.792

F4
1113.945	 1110.553	 1109.741	 1113.679	 1108.476	 1099.304	 1101.987	 1106.147	 1102.715	 1105.134	 1101.724	 1109.383	 1109.926
1117.323	 1125.155	 1132.319	 1139.047	 1135.158	 1147.203	 1152.509	 1154.238	 1155.865	 1174.081	 1173.066	 1170.109	 1181.066	 1189.615	 1191.844	 1199.822	 1210.614	 1208.955	 1209.292	 1220.41	 1224.107	 1243.588	 1236.649	 1242.694	 1252.377	 1260.588	 1255.037	 1263.321	 1259.168	 1268.705	 1267.869	 1265.179	 1277.787	 1276.446	 1271.984	 1273.678	 1268.319	 1270.128	 1274.203	 1261.635	 1270.156	 1261.378	 1253.27	 1253.977	 1252.958	 1241.132	 1225.317	 1228.158	 1221.408	 1203.995	 1192.65	 1186.864	 1177.209

G4
1160.94	 1166.733	 1165.895	 1162.47	 1161.834	 1155.006	 1161.879	 1154.881	 1157.164	 1155.631	 1162.158	 1156.278	 1152.873
1183.73	 1187.234	 1181.444	 1201.294	 1197.92	 1212.531	 1208.877	 1216.396	 1227.892	 1225.273	 1232.778	 1237.031	 1249.831	 1255.051	 1268.781	 1266.795	 1270.763	 1278.819	 1288.514	 1303.084	 1296.231	 1309.805	 1310.783	 1310.447	 1322.853	 1329.284	 1333.042	 1340.487	 1341.518	 1336.405	 1344.19	 1339.729	 1347.063	 1336.042	 1341.852	 1342.561	 1338.828	 1339.203	 1340.595	 1333.159	 1322.368	 1321.084	 1320.335	 1308.828	 1299.239	 1292.166	 1286.361	 1277.996	 1263.319	 1256.886	 1248.882	 1236.94	 1223.754

H4
776.923	 780.76	 777.267	 777.922	 778.588	 782.516	 777.89	 778.179	 774.814	 777.77	 777.835	 778.639	 775.677
776.948	 784.17	 784.102	 793.214	 793.64	 787.367	 799.568	 806.281	 803.542	 807.414	 808.503	 823.35	 820.895	 821.331	 830.396	 834.688	 838.778	 838.926	 852.461	 845.032	 853.637	 851.924	 856.519	 860.429	 864.836	 859.502	 870.594	 866.394	 867.017	 866.122	 863.038	 863.738	 859.299	 862.619	 861.035	 852.555	 848.695	 850.647	 848.095	 840.132	 828.933	 832.452	 827.086	 818.998	 808.693	 812.846	 800.365	 793.957	 786.161	 779.164	 773.619	 762.983

A5
1250.454	 1256.267	 1263.571	 1250.307	 1256.78	 1253.479	 1263.632	 1252.924	 1244.099	 1252.227	 1241.099	 1242.286	 1256.266
1269.106	 1277.954	 1291.143	 1298.846	 1293.722	 1309.152	 1317.352	 1309.469	 1325.225	 1331.15	 1334.907	 1346.442	 1346.059	 1349.675	 1364.332	 1367.943	 1373.581	 1390.465	 1399.829	 1402.607	 1405.883	 1410.48	 1423.324	 1422.255	 1434.301	 1424.056	 1437.546	 1445.022	 1454.468	 1457.386	 1452.671	 1455.326	 1448.035	 1466.656	 1462.354	 1442.688	 1468.179	 1453.41	 1464.191	 1455.44	 1462.671	 1444.791	 1440.437	 1440.228	 1446.776	 1424.992	 1431.751	 1420.03	 1428.485	 1410.202	 1411.839	 1393.025

B5
1296.512	 1295.829	 1301.36	 1292.946	 1293.083	 1296.459	 1298.319	 1300.349	 1297.074	 1294.063	 1294.547	 1288.78	 1291.012
1359.059	 1362.117	 1356.012	 1375.317	 1380.3	 1371.858	 1387.497	 1404.458	 1410.989	 1407.555	 1421.828	 1429.909	 1429.655	 1443.599	 1449.16	 1468.612	 1462.507	 1466.136	 1471.266	 1482.082	 1488.79	 1496.786	 1494.318	 1497.54	 1497.248	 1508.133	 1494.528	 1504.618	 1504.301	 1496.066	 1499.657	 1499.901	 1492.743	 1491.406	 1484.636	 1485.776	 1474.397	 1470.587	 1461.103	 1448.476	 1439.387	 1431.289	 1426.669	 1405.781	 1408.188	 1389.372	 1384.886	 1386.019	 1363.583	 1357.196	 1348.959	 1327.534

C5
1058.629	 1039.812	 1045.96	 1046.325	 1044.889	 1052.161	 1051.887	 1053.645	 1056.407	 1053.645	 1051.226	 1050.573	 1054.838
1091.481	 1096.385	 1102.878	 1105.596	 1116.937	 1116.848	 1120.88	 1128.988	 1135.775	 1138.496	 1142.028	 1156.073	 1150.368	 1154.62	 1163.146	 1173.082	 1182.329	 1193.875	 1196.395	 1196.347	 1192.523	 1207.776	 1208.849	 1221.948	 1211.448	 1219.774	 1223.807	 1220.944	 1216.144	 1211.941	 1212.517	 1215.639	 1207.222	 1205.685	 1199.628	 1193.252	 1184.295	 1185.45	 1181.462	 1168.539	 1155.509	 1152.833	 1148.664	 1135.608	 1120.601	 1117.205	 1110.012	 1093.703	 1082.16	 1081.103	 1064.265	 1053.899	 1042.033

D5
1133.273	 1143.902	 1141.679	 1149.552	 1139.695	 1135.479	 1145.699	 1140.64	 1140.135	 1134.901	 1136.809	 1130.603	 1138.945
1176.019	 1185.58	 1190.346	 1192.143	 1212.058	 1212.618	 1214.298	 1211.556	 1225.585	 1230.685	 1236.27	 1237.619	 1256.864	 1258.597	 1252.997	 1274.613	 1283.094	 1281.442	 1286.75	 1289.153	 1297.423	 1301.918	 1309.886	 1318.427	 1303.87	 1304.16	 1314.608	 1313.603	 1316.204	 1317.365	 1313.913	 1304.093	 1308.756	 1298.967	 1297.782	 1281.554	 1283.249	 1275.202	 1268.621	 1269.355	 1259.983	 1243.26	 1243.079	 1226.388	 1218.105	 1206.168	 1193.617	 1189.028	 1172.735	 1165.86	 1157.945	 1150.372	 1134.336

E5
1186.146	 1186.649	 1194.852	 1188.861	 1188.368	 1185.1	 1190.147	 1187.268	 1195.321	 1182.789	 1182.675	 1181.574	 1180.097	 1181.413
1236.332	 1233.4	 1241.865	 1252.084	 1263.934	 1268.246	 1268.314	 1273.511	 1280.606	 1298.908	 1301.734	 1309.608	 1318.705	 1314.807	 1322.712	 1337.841	 1338.104	 1342.135	 1341.568	 1358.71	 1357.995	 1361.139	 1363.856	 1365.795	 1365.121	 1366.042	 1363.004	 1362.907	 1359.138	 1354.676	 1349.231	 1346.613	 1338.087	 1337.473	 1324.605	 1325.376	 1307.708	 1302.049	 1286.061	 1282.261	 1270.79	 1268.262	 1260.474	 1246.293	 1232.792	 1230.348	 1208.26	 1204.829	 1187.047	 1179.673	 1177.912	 1163.483	 1149.461

F5
1135.272	 1143.289	 1143.9	 1138.224	 1140.358	 1149.509	 1142.524	 1131.594	 1144.203	 1141.346	 1135.194	 1140.337	 1138.906	 1140.856
1192.154	 1199.979	 1203.972	 1205.953	 1211.572	 1219.885	 1229.704	 1232.826	 1234.482	 1247.512	 1252.443	 1251.091	 1267.75	 1271.582	 1278.253	 1283.375	 1290.085	 1299.244	 1308.005	 1307.926	 1310.858	 1314.301	 1310.633	 1311.399	 1325.493	 1319.482	 1323.065	 1306.006	 1304.391	 1311.011	 1304.625	 1294.998	 1291.519	 1280.17	 1263.319	 1270.331	 1260.029	 1248.509	 1230.223	 1224.534	 1217.944	 1203.619	 1193.448	 1176.869	 1174.376	 1149.532	 1126.204	 1131.945	 1121.428	 1106.16	 1094.646	 1083.077	 1067.85

G5
1201.638	 1193.292	 1196.024	 1205.26	 1196.0	 1200.656	 1193.435	 1196.012	 1190.496	 1192.656	 1192.539	 1192.533	 1190.576
1252.914	 1258.145	 1276.16	 1275.242	 1277.118	 1281.108	 1280.172	 1302.495	 1309.752	 1329.434	 1329.164	 1330.033	 1336.519	 1354.205	 1355.177	 1354.255	 1364.325	 1366.363	 1371.24	 1370.612	 1385.592	 1378.556	 1377.155	 1365.453	 1372.375	 1368.568	 1363.941	 1368.292	 1357.542	 1338.711	 1352.479	 1325.08	 1326.414	 1310.46	 1294.13	 1295.9	 1272.876	 1265.706	 1256.122	 1254.204	 1223.305	 1216.943	 1214.82	 1205.721	 1196.383	 1181.18	 1168.005	 1168.018	 1152.566	 1141.037	 1123.925	 1126.081	 1105.277

H5
948.503	 956.726	 956.52	 959.994	 957.513	 952.814	 952.582	 956.54	 951.501	 949.361	 954.218	 952.063	 955.613
990.023	 989.793	 996.198	 1001.966	 1012.72	 1009.186	 1023.687	 1021.545	 1041.887	 1041.342	 1043.506	 1054.106	 1054.971	 1063.766	 1069.389	 1079.867	 1078.422	 1081.136	 1086.419	 1077.233	 1080.099	 1082.848	 1086.97	 1082.082	 1080.945	 1072.276	 1071.0	 1063.225	 1060.085	 1057.134	 1050.631	 1034.952	 1019.739	 1013.938	 1005.832	 1004.311	 991.202	 968.391	 961.766	 943.967	 938.64	 933.658	 915.694	 903.971	 884.427	 883.849	 870.263	 861.001	 845.844	 835.934	 827.023	 816.722	 808.63

A6
1184.967	 1184.779	 1176.93	 1185.099	 1183.852	 1193.415	 1181.182	 1182.731	 1185.434	 1187.757	 1184.182	 1180.795	 1184.841
1189.11	 1193.421	 1201.272	 1204.223	 1209.89	 1198.673	 1219.717	 1230.242	 1237.85	 1237.744	 1239.231	 1244.88	 1260.778	 1261.334	 1268.412	 1271.266	 1288.357	 1296.969	 1298.965	 1292.831	 1305.807	 1309.146	 1310.863	 1325.056	 1327.803	 1329.497	 1328.145	 1326.845	 1337.462	 1335.839	 1331.963	 1339.631	 1341.525	 1324.271	 1338.568	 1338.612	 1335.42	 1325.006	 1333.264	 1323.047	 1323.463	 1311.416	 1306.069	 1312.483	 1298.567	 1290.43	 1294.638	 1282.333	 1276.771	 1268.324	 1263.506	 1260.074

B6
1206.132	 1204.259	 1206.42	 1211.308	 1210.119	 1207.457	 1205.132	 1205.012	 1201.72	 1219.879	 1201.354	 1207.302	 1206.028
1244.554	 1250.421	 1264.535	 1262.389	 1271.655	 1275.662	 1292.201	 1285.663	 1303.494	 1312.364	 1303.99	 1330.492	 1334.464	 1345.348	 1340.094	 1353.92	 1363.727	 1373.789	 1370.743	 1382.456	 1388.943	 1388.268	 1398.657	 1390.291	 1402.61	 1401.621	 1398.077	 1387.435	 1396.123	 1398.509	 1389.0	 1385.07	 1378.385	 1373.054	 1372.424	 1361.454	 1358.792	 1346.448	 1329.178	 1334.956	 1324.214	 1318.174	 1300.875	 1288.719	 1271.632	 1278.139	 1251.715	 1249.001	 1232.529	 1223.963	 1206.706	 1198.474

C6
1053.809	 1054.844	 1039.092	 1050.888	 1051.84	 1052.779	 1043.947	 1044.259	 1050.375	 1049.279	 1046.846	 1050.443	 1046.56
1081.551	 1088.801	 1098.243	 1104.461	 1111.295	 1126.641	 1132.211	 1129.324	 1131.312	 1141.276	 1153.214	 1152.993	 1166.455	 1166.445	 1169.913	 1181.577	 1186.68	 1184.275	 1190.6	 1198.302	 1193.121	 1197.999	 1197.629	 1197.765	 1199.503	 1207.873	 1190.508	 1184.136	 1190.113	 1177.53	 1182.706	 1171.978	 1165.192	 1164.416	 1161.992	 1146.519	 1140.284	 1132.249	 1124.832	 1117.229	 1115.416	 1095.489	 1090.875	 1074.484	 1071.314	 1062.051	 1047.512	 1047.556	 1035.814	 1021.466	 1010.536	 1014.137

D6
1154.927	 1156.843	 1157.36	 1159.154	 1157.239	 1167.804	 1162.183	 1160.631	 1167.855	 1155.409	 1164.213	 1158.628	 1154.092
1214.197	 1214.477	 1225.012	 1229.88	 1243.092	 1255.239	 1254.768	 1261.294	 1276.763	 1277.302	 1288.435	 1295.204	 1302.671	 1302.615	 1314.618	 1327.674	 1329.821	 1328.168	 1334.285	 1343.544	 1334.612	 1334.117	 1320.993	 1335.345	 1336.817	 1327.232	 1335.741	 1323.818	 1319.624	 1312.89	 1308.43	 1301.156	 1288.46	 1280.53	 1274.319	 1262.912	 1253.24	 1235.055	 1225.487	 1222.355	 1206.368	 1189.563	 1181.215	 1179.109	 1168.115	 1157.887	 1144.175	 1128.634	 1124.278	 1113.212	 1104.717	 1096.097

E6
1145.864	 1146.344	 1148.401	 1136.874	 1142.478	 1153.378	 1147.891	 1143.781	 1151.187	 1148.359	 1149.949	 1142.373	 1148.488
1214.61	 1208.262	 1221.361	 1239.606	 1244.958	 1246.296	 1239.176	 1261.185	 1267.278	 1279.768	 1280.273	 1289.277	 1297.341	 1291.246	 1292.316	 1314.245	 1311.697	 1312.491	 1303.808	 1319.889	 1307.707	 1308.423	 1306.784	 1306.56	 1296.491	 1277.953	 1281.752	 1277.366	 1260.135	 1251.935	 1236.48	 1230.992	 1227.017	 1219.927	 1207.786	 1190.709	 1178.348	 1171.38	 1162.995	 1151.55	 1135.76	 1129.641	 1110.414	 1108.326	 1094.602	 1093.63	 1084.261	 1071.825	 1059.42	 1053.887	 1046.529	 1036.583	 1033.873

F6
1171.829	 1163.139	 1168.727	 1171.8	 1164.183	 1162.217	 1156.904	 1159.968	 1172.191	 1158.316	 1159.559	 1156.707	 1153.778	 1150.077
1222.605	 1229.794	 1242.385	 1251.127	 1253.965	 1260.543	 1262.255	 1277.73	 1286.263	 1290.352	 1295.115	 1306.988	 1317.797	 1321.252	 1332.67	 1334.312	 1338.147	 1342.03	 1345.871	 1351.286	 1344.162	 1340.532	 1350.475	 1338.78	 1340.391	 1330.26	 1326.964	 1314.699	 1304.856	 1293.416	 1279.119	 1273.41	 1259.251	 1252.056	 1237.334	 1224.125	 1220.562	 1200.958	 1178.571	 1171.608	 1159.65	 1150.215	 1129.607	 1122.742	 1103.33	 1093.587	 1079.734	 1075.64	 1057.869	 1043.757	 1037.45	 1033.142	 1018.536

G6
1111.468	 1101.343	 1112.855	 1105.809	 1114.942	 1107.474	 1103.094	 1111.09	 1104.561	 1107.629	 1099.111	 1103.115	 1105.354
1125.449	 1140.771	 1139.299	 1143.266	 1154.478	 1167.853	 1165.426	 1169.426	 1180.053	 1185.013	 1195.493	 1185.999	 1207.549	 1216.775	 1217.416	 1222.723	 1227.415	 1233.07	 1243.62	 1240.879	 1246.813	 1251.436	 1257.814	 1255.496	 1256.948	 1254.592	 1254.828	 1247.218	 1257.239	 1238.1	 1250.658	 1257.236	 1240.945	 1237.066	 1232.484	 1234.899	 1228.241	 1217.476	 1204.029	 1200.557	 1189.311	 1181.529	 1185.014	 1170.758	 1156.979	 1147.282	 1146.44	 1126.427	 1124.718	 1115.458	 1103.753	 1099.859	 1081.444

H6
966.228	 967.08	 965.523	 964.524	 965.755	 954.785	 966.109	 960.638	 967.687	 967.292	 964.325	 956.293	 960.933
992.888	 1001.693	 999.066	 1003.531	 1015.134	 1020.33	 1021.601	 1021.985	 1031.581	 1043.443	 1043.38	 1053.531	 1053.71	 1051.095	 1056.116	 1059.639	 1067.307	 1063.452	 1058.851	 1060.478	 1059.081	 1045.905	 1049.62	 1044.127	 1045.965	 1030.527	 1029.788	 1021.395	 1011.049	 1004.065	 996.698	 993.911	 986.59	 975.695	 965.752	 967.569	 944.57	 940.169	 933.341	 931.682	 917.377	 904.347	 903.148	 889.593	 886.56	 875.29	 877.221	 860.737	 856.288	 851.405	 851.967	 838.947	 837.918

A7
1169.576	 1156.672	 1164.001	 1159.693	 1164.598	 1163.936	 1167.604	 1159.5	 1159.155	 1166.718	 1157.683	 1170.599	 1160.869
1200.419	 1208.258	 1204.593	 1219.907	 1224.21	 1234.75	 1232.01	 1241.231	 1254.144	 1257.552	 1266.097	 1273.144	 1284.905	 1285.818	 1292.667	 1295.408	 1301.645	 1310.689	 1319.126	 1307.117	 1327.328	 1327.082	 1325.274	 1330.021	 1327.805	 1319.904	 1334.869	 1326.855	 1316.504	 1323.198	 1321.197	 1316.809	 1310.608	 1304.675	 1304.919	 1304.116	 1290.664	 1290.678	 1283.817	 1269.04	 1262.598	 1262.057	 1259.986	 1246.191	 1241.49	 1230.505	 1208.704	 1205.128	 1205.534	 1187.845	 1192.507	 1170.357

B7
1262.101	 1255.884	 1258.337	 1256.835	 1261.465	 1257.705	 1253.659	 1256.134	 1257.751	 1254.478	 1250.519	 1249.387	 1256.728
1292.839	 1297.202	 1306.756	 1318.15	 1324.178	 1332.93	 1341.933	 1351.116	 1361.75	 1371.922	 1374.997	 1383.115	 1391.92	 1401.375	 1401.095	 1421.34	 1417.878	 1431.65	 1437.493	 1438.29	 1442.529	 1446.889	 1452.264	 1447.352	 1455.368	 1470.954	 1459.112	 1464.347	 1463.854	 1444.868	 1456.965	 1448.893	 1440.448	 1435.279	 1417.459	 1427.719	 1416.025	 1410.427	 1406.021	 1393.383	 1382.484	 1381.403	 1370.234	 1352.022	 1342.488	 1337.213	 1318.458	 1310.39	 1300.879	 1293.635	 1281.192	 1270.639

C7
1191.7	 1187.098	 1189.125	 1192.709	 1187.579	 1192.232	 1194.765	 1193.549	 1199.33	 1186.758	 1191.164	 1187.847	 1186.001
1222.65	 1227.522	 1237.371	 1243.487	 1255.602	 1251.899	 1271.275	 1272.14	 1287.451	 1300.168	 1309.879	 1312.468	 1312.147	 1330.02	 1337.914	 1336.13	 1342.814	 1362.623	 1363.755	 1372.905	 1372.104	 1383.254	 1381.703	 1390.829	 1394.317	 1401.399	 1382.601	 1398.274	 1399.455	 1401.524	 1395.087	 1393.344	 1386.836	 1374.194	 1366.101	 1364.924	 1370.573	 1353.861	 1330.456	 1331.555	 1327.716	 1322.298	 1304.762	 1296.422	 1283.315	 1276.684	 1269.006	 1258.543	 1245.04	 1243.614	 1231.698	 1214.436	 1207.954

D7
1158.384	 1166.31	 1148.534	 1158.87	 1149.762	 1162.308	 1151.162	 1158.724	 1153.36	 1155.437	 1152.323	 1153.631	 1160.985
1197.524	 1196.472	 1213.03	 1224.92	 1232.808	 1238.24	 1248.467	 1258.34	 1255.083	 1274.581	 1280.858	 1293.204	 1300.684	 1301.531	 1308.753	 1305.394	 1319.476	 1321.424	 1330.033	 1332.63	 1337.37	 1332.728	 1335.584	 1335.22	 1333.659	 1342.585	 1321.397	 1325.452	 1324.217	 1322.431	 1312.409	 1303.191	 1293.112	 1288.641	 1276.546	 1268.905	 1261.597	 1254.52	 1240.246	 1222.23	 1227.137	 1202.576	 1204.573	 1187.369	 1177.221	 1170.05	 1161.205	 1144.856	 1144.57	 1121.892	 1119.816	 1114.343	 1101.873

E7
1165.785	 1163.306	 1156.99	 1156.845	 1154.639	 1158.904	 1161.317	 1158.847	 1158.254	 1159.611	 1158.079	 1160.917	 1157.581	 1157.725
1215.56	 1223.138	 1230.929	 1240.426	 1239.797	 1247.195	 1260.292	 1275.741	 1281.854	 1285.95	 1301.893	 1311.907	 1309.456	 1317.619	 1333.521	 1332.368	 1341.523	 1340.903	 1343.093	 1346.593	 1334.869	 1328.017	 1332.64	 1329.343	 1326.266	 1329.788	 1308.719	 1310.961	 1295.084	 1293.555	 1279.438	 1276.418	 1249.42	 1249.923	 1234.025	 1222.999	 1219.585	 1196.028	 1182.245	 1176.591	 1165.908	 1153.039	 1143.792	 1135.256	 1123.493	 1113.739	 1105.748	 1103.147	 1090.461	 1073.101	 1071.847	 1071.743	 1063.778

F7
1148.76	 1150.917	 1146.691	 1153.537	 1144.536	 1137.8	 1148.24	 1147.316	 1147.482	 1150.99	 1149.764	 1139.509	 1149.7
1175.525	 1180.42	 1192.699	 1200.261	 1202.768	 1214.807	 1220.794	 1232.783	 1242.884	 1243.903	 1264.409	 1260.391	 1276.178	 1272.154	 1277.023	 1290.485	 1293.684	 1291.43	 1309.278	 1311.293	 1305.801	 1310.729	 1316.948	 1298.932	 1305.906	 1301.138	 1305.931	 1304.246	 1301.702	 1281.624	 1285.081	 1282.278	 1275.002	 1266.648	 1245.46	 1244.099	 1228.094	 1229.066	 1214.918	 1204.201	 1193.924	 1174.969	 1169.535	 1157.207	 1140.127	 1134.078	 1120.853	 1101.501	 1101.632	 1088.604	 1076.402	 1067.075	 1056.514

G7
1264.841	 1270.921	 1262.203	 1265.531	 1263.284	 1271.483	 1262.239	 1266.673	 1268.391	 1256.375	 1270.57	 1264.642	 1261.693
1360.139	 1367.836	 1370.462	 1397.892	 1389.396	 1413.168	 1421.631	 1434.02	 1436.151	 1429.241	 1455.751	 1453.206	 1457.195	 1470.407	 1478.681	 1473.144	 1473.516	 1464.682	 1470.158	 1465.917	 1464.437	 1439.478	 1443.205	 1425.202	 1426.401	 1416.67	 1408.559	 1393.161	 1387.621	 1383.141	 1379.863	 1364.302	 1358.336	 1348.13	 1342.261	 1320.118	 1326.564	 1318.788	 1299.899	 1290.859	 1279.791	 1288.406	 1266.814	 1266.871	 1258.218	 1253.595	 1241.054	 1247.463	 1235.365	 1225.877	 1225.437	 1225.146	 1219.73

H7
738.934	 746.234	 740.956	 740.674	 741.632	 740.03	 732.77	 739.517	 741.395	 745.737	 734.156	 741.818	 743.037
767.74	 769.718	 776.755	 773.26	 785.071	 794.346	 796.188	 800.437	 800.631	 807.757	 815.819	 815.982	 822.819	 822.248	 827.688	 822.197	 826.517	 832.34	 823.99	 827.329	 823.988	 828.834	 819.457	 810.109	 818.824	 809.571	 802.406	 794.423	 788.484	 781.799	 775.341	 763.653	 755.293	 750.954	 747.108	 732.92	 730.941	 717.704	 703.437	 697.333	 690.901	 677.502	 671.448	 663.706	 661.963	 650.805	 643.565	 634.354	 628.336	 625.572	 624.218	 614.716	 615.253

A8
1280.214	 1277.162	 1275.803	 1278.717	 1280.976	 1279.716	 1276.823	 1277.833	 1271.198	 1273.418	 1278.465	 1275.282	 1275.071
1337.925	 1348.117	 1355.978	 1362.333	 1371.554	 1372.204	 1385.506	 1382.819	 1405.723	 1411.592	 1421.89	 1436.67	 1436.119	 1434.647	 1454.492	 1458.504	 1455.974	 1465.166	 1484.16	 1471.807	 1472.486	 1479.661	 1473.102	 1471.641	 1467.064	 1471.299	 1468.882	 1453.627	 1453.675	 1461.193	 1440.364	 1447.796	 1424.564	 1435.512	 1424.37	 1420.351	 1410.253	 1401.969	 1389.699	 1388.911	 1384.452	 1380.358	 1364.552	 1359.888	 1341.455	 1335.583	 1340.629	 1333.112	 1322.708	 1307.694	 1304.252	 1302.486

B8
1279.088	 1296.242	 1296.909	 1291.902	 1290.5	 1294.717	 1282.362	 1293.305	 1288.599	 1293.263	 1287.008	 1290.341	 1290.386
1296.668	 1302.423	 1315.579	 1324.07	 1324.289	 1331.5	 1341.649	 1358.891	 1347.847	 1369.535	 1376.556	 1376.645	 1394.0	 1393.198	 1402.728	 1411.095	 1414.488	 1423.381	 1431.056	 1436.884	 1438.301	 1446.407	 1449.34	 1449.4	 1452.782	 1456.177	 1455.974	 1453.992	 1465.744	 1453.343	 1451.543	 1452.857	 1454.049	 1447.993	 1444.674	 1439.444	 1449.293	 1430.738	 1422.341	 1423.336	 1415.293	 1402.882	 1398.372	 1377.797	 1380.058	 1371.464	 1359.982	 1346.783	 1346.875	 1333.847	 1327.2	 1320.628

C8
1207.438	 1203.067	 1202.586	 1185.98	 1202.591	 1196.007	 1198.495	 1206.428	 1200.941	 1192.512	 1202.155	 1202.532	 1192.141
1205.402	 1217.462	 1230.052	 1239.225	 1249.492	 1255.767	 1271.33	 1271.839	 1279.746	 1288.306	 1306.789	 1315.253	 1322.868	 1332.041	 1344.49	 1346.37	 1355.324	 1361.498	 1371.871	 1379.444	 1374.397	 1383.13	 1406.141	 1390.071	 1403.592	 1396.456	 1408.148	 1405.055	 1391.88	 1397.021	 1394.071	 1390.489	 1386.273	 1378.82	 1365.746	 1361.178	 1347.972	 1338.895	 1334.181	 1322.792	 1302.27	 1294.022	 1289.925	 1275.632	 1256.538	 1246.68	 1233.799	 1221.519	 1212.767	 1191.525	 1186.879	 1173.495

D8
1163.081	 1169.003	 1164.195	 1167.858	 1150.242	 1155.967	 1154.548	 1166.194	 1153.969	 1162.306	 1156.668	 1158.55	 1156.795
1194.38	 1195.174	 1205.937	 1213.514	 1228.004	 1231.847	 1234.94	 1246.391	 1263.672	 1267.161	 1278.267	 1287.395	 1290.687	 1292.392	 1303.464	 1308.325	 1312.077	 1318.537	 1320.376	 1328.465	 1330.688	 1323.746	 1325.93	 1331.686	 1321.402	 1327.241	 1303.923	 1315.385	 1299.501	 1297.873	 1290.447	 1283.376	 1275.997	 1260.288	 1251.674	 1241.872	 1232.34	 1214.945	 1209.234	 1203.959	 1183.809	 1178.39	 1167.532	 1156.681	 1142.666	 1134.466	 1120.499	 1111.747	 1102.098	 1093.083	 1085.101	 1079.252

E8
1254.905	 1259.69	 1260.078	 1263.068	 1258.797	 1260.52	 1245.037	 1255.41	 1255.273	 1251.779	 1253.296	 1247.656	 1247.833
1323.377	 1338.176	 1336.096	 1359.982	 1363.066	 1383.117	 1392.915	 1394.206	 1413.254	 1423.562	 1423.755	 1434.616	 1450.526	 1445.147	 1453.307	 1460.22	 1473.273	 1471.151	 1462.284	 1473.58	 1476.978	 1465.327	 1454.292	 1466.185	 1456.064	 1445.998	 1426.168	 1421.178	 1415.442	 1399.643	 1391.088	 1387.506	 1367.344	 1358.349	 1347.295	 1330.045	 1318.889	 1307.045	 1299.601	 1282.978	 1277.107	 1261.928	 1252.556	 1234.296	 1230.484	 1208.908	 1216.598	 1204.005	 1198.173	 1181.208	 1181.823	 1170.596	 1172.301

F8
1184.234	 1177.609	 1184.537	 1183.65	 1182.786	 1182.872	 1169.302	 1172.12	 1181.291	 1170.066	 1177.835	 1171.338	 1176.874	 1178.593
1210.12	 1221.048	 1242.648	 1241.689	 1259.224	 1268.222	 1268.108	 1282.585	 1294.368	 1310.917	 1305.37	 1320.892	 1325.577	 1345.337	 1350.755	 1356.211	 1361.787	 1370.431	 1368.154	 1370.636	 1372.571	 1369.863	 1366.579	 1362.229	 1366.094	 1364.424	 1361.965	 1348.179	 1349.021	 1333.133	 1329.766	 1313.465	 1292.569	 1295.036	 1289.215	 1276.852	 1261.307	 1253.629	 1237.53	 1224.93	 1204.893	 1200.001	 1192.42	 1177.576	 1167.764	 1154.01	 1140.215	 1129.756	 1115.606	 1104.749	 1108.911	 1096.629	 1087.552

G8
1209.827	 1195.264	 1209.568	 1206.858	 1197.706	 1209.98	 1199.836	 1198.304	 1205.74	 1204.319	 1199.514	 1196.972	 1192.241
1275.107	 1294.096	 1298.367	 1308.25	 1308.833	 1332.046	 1336.518	 1335.866	 1350.844	 1366.759	 1369.987	 1374.55	 1382.727	 1391.253	 1388.892	 1391.912	 1392.244	 1395.463	 1392.151	 1384.812	 1389.92	 1386.891	 1369.286	 1361.744	 1351.092	 1353.858	 1337.067	 1340.498	 1330.43	 1316.678	 1300.091	 1294.482	 1293.261	 1283.903	 1275.145	 1258.506	 1254.902	 1254.974	 1242.158	 1233.961	 1222.519	 1214.687	 1202.564	 1193.301	 1181.083	 1184.431	 1171.362	 1175.232	 1157.22	 1158.996	 1153.516	 1139.879	 1143.256

H8
779.537	 780.159	 782.794	 782.782	 775.314	 774.898	 778.364	 778.963	 780.342	 780.345	 780.949	 772.579	 771.063
804.723	 816.092	 821.44	 825.832	 834.416	 841.234	 849.794	 850.647	 859.731	 864.05	 870.17	 873.39	 880.561	 886.217	 881.986	 881.638	 886.505	 881.646	 885.223	 876.342	 877.256	 876.819	 859.11	 858.024	 854.757	 852.895	 837.313	 826.369	 830.521	 813.004	 805.141	 793.553	 791.297	 773.7	 761.654	 752.4	 745.524	 732.215	 726.181	 720.131	 714.239	 705.689	 693.587	 692.283	 685.166	 685.283	 676.74	 678.703	 672.082	 672.987	 670.656	 668.699	 659.604

A9
747.807	 747.969	 749.966	 742.964	 747.916	 749.945	 742.752	 737.41	 737.674	 744.061	 744.728	 736.026	 741.761
760.454	 767.035	 772.794	 772.951	 777.574	 781.257	 788.014	 786.286	 798.334	 800.491	 807.65	 813.358	 810.819	 815.83	 815.627	 827.577	 820.169	 830.703	 832.373	 840.114	 843.901	 846.655	 857.775	 853.506	 855.712	 855.483	 854.899	 856.854	 861.529	 851.687	 859.73	 863.8	 865.012	 856.867	 859.125	 860.49	 851.747	 853.603	 852.189	 854.789	 845.432	 850.487	 847.461	 844.632	 843.437	 842.859	 832.535	 831.384	 836.602	 834.02	 831.513	 825.185

B9
798.32	 792.598	 800.497	 798.177	 790.126	 798.718	 795.281	 787.442	 786.104	 790.619	 789.9	 788.085	 787.492
836.08	 834.049	 839.434	 848.384	 848.097	 858.611	 864.664	 868.555	 867.94	 870.999	 884.57	 887.772	 895.992	 898.08	 902.631	 897.471	 907.238	 916.35	 913.001	 915.585	 923.876	 918.374	 916.95	 923.233	 915.726	 923.472	 925.911	 928.742	 920.661	 926.946	 929.459	 930.504	 917.717	 922.846	 926.255	 930.253	 926.972	 923.825	 922.642	 921.6	 920.55	 912.626	 915.624	 915.68	 917.642	 915.693	 909.942	 906.191	 909.101	 897.175	 901.281	 897.495

C9
767.879	 773.557	 770.2	 773.932	 770.219	 766.56	 765.956	 768.366	 765.396	 765.03	 761.656	 770.446	 762.364
777.212	 785.887	 789.443	 799.207	 804.073	 807.519	 804.573	 819.679	 819.264	 818.723	 823.958	 830.039	 840.802	 839.352	 839.326	 851.28	 846.915	 860.405	 847.598	 864.315	 869.57	 865.249	 871.599	 874.819	 866.282	 870.657	 880.198	 878.514	 874.445	 875.74	 880.598	 873.771	 870.455	 874.185	 873.356	 871.545	 866.894	 854.448	 859.084	 853.627	 847.912	 847.736	 840.651	 841.594	 839.672	 836.758	 828.811	 828.93	 823.006	 809.29	 809.427	 817.099

D9
741.239	 732.862	 730.739	 732.576	 735.422	 741.62	 737.566	 729.893	 736.114	 729.957	 734.72	 737.894	 735.28
750.972	 757.76	 762.38	 769.942	 769.369	 770.165	 771.572	 781.47	 789.636	 787.903	 798.584	 805.585	 805.432	 812.384	 810.389	 816.625	 822.38	 831.263	 833.219	 837.077	 840.07	 838.693	 841.431	 842.745	 838.312	 849.936	 846.327	 847.497	 852.903	 855.064	 849.431	 846.852	 853.332	 850.882	 849.35	 840.356	 837.183	 838.07	 841.866	 840.825	 837.575	 833.03	 828.637	 831.093	 825.111	 822.718	 826.167	 822.526	 819.664	 821.941	 810.783	 811.177	 809.088

E9
820.6	 812.358	 808.625	 818.121	 811.364	 817.749	 809.979	 817.1	 814.185	 814.279	 814.255	 813.987	 806.724	 817.762
862.72	 870.492	 879.746	 888.276	 897.464	 901.602	 911.78	 913.302	 920.083	 936.616	 939.846	 943.047	 952.447	 959.56	 966.341	 969.486	 976.337	 986.446	 984.109	 989.857	 970.81	 988.922	 1002.114	 994.224	 996.172	 998.999	 998.694	 991.053	 988.449	 988.533	 990.138	 985.02	 982.029	 984.359	 976.546	 973.578	 978.179	 970.21	 976.508	 961.36	 968.12	 960.572	 965.842	 959.269	 964.248	 961.683	 962.93	 955.29	 956.403	 961.607	 958.286	 958.873	 960.425

F9
735.521	 727.968	 732.419	 735.376	 733.44	 733.642	 724.771	 731.742	 729.256	 736.262	 731.256	 730.403	 728.032
798.025	 797.095	 808.007	 818.879	 824.621	 826.543	 832.475	 837.713	 839.502	 853.369	 861.264	 864.349	 875.701	 871.309	 867.607	 879.58	 891.51	 891.244	 889.463	 893.623	 894.031	 902.518	 901.567	 907.839	 895.572	 905.263	 907.472	 903.523	 900.067	 892.246	 894.704	 898.096	 895.46	 893.214	 893.324	 895.995	 885.373	 888.564	 887.268	 886.426	 882.02	 865.664	 876.055	 874.813	 877.988	 874.938	 872.017	 872.023	 866.517	 864.102	 860.113	 866.905	 859.867

G9
610.165	 610.089	 607.457	 599.209	 603.421	 605.066	 601.176	 599.84	 604.063	 605.746	 604.728	 605.624	 608.356
661.6	 669.635	 665.563	 673.364	 680.818	 688.057	 694.893	 702.133	 705.407	 713.797	 719.768	 729.825	 724.414	 729.247	 740.615	 739.565	 747.207	 741.488	 748.335	 750.695	 751.801	 748.953	 750.363	 750.186	 753.608	 743.247	 747.723	 751.279	 749.178	 743.682	 740.024	 744.905	 737.785	 737.518	 734.566	 734.283	 726.853	 726.209	 729.032	 722.801	 723.66	 719.141	 723.536	 722.461	 717.505	 720.239	 715.616	 717.747	 715.563	 718.838	 715.672	 718.804	 713.84

H9
344.249	 347.874	 349.15	 348.503	 349.399	 344.645	 343.486	 344.454	 349.361	 345.242	 345.873	 347.107	 347.108
385.254	 388.694	 391.908	 395.256	 393.801	 407.261	 403.907	 408.114	 408.434	 416.019	 415.905	 421.136	 418.389	 426.438	 422.424	 427.51	 433.464	 428.891	 432.839	 435.507	 438.623	 436.259	 440.737	 440.052	 438.011	 438.507	 439.246	 431.188	 435.921	 432.283	 433.014	 433.997	 431.776	 431.106	 430.564	 430.567	 427.371	 424.235	 419.655	 418.641	 422.429	 420.553	 419.606	 419.072	 417.896	 416.254	 414.418	 411.805	 415.647	 412.657	 414.727	 413.909	 410.683

A10
733.883	 725.691	 722.752	 724.142	 728.303	 725.669	 724.019	 725.294	 725.486	 730.757	 725.878	 724.066	 723.99
772.911	 782.408	 791.601	 796.676	 796.861	 812.714	 813.199	 819.257	 825.12	 830.275	 835.064	 839.194	 848.684	 857.16	 861.168	 860.801	 861.977	 865.333	 865.197	 873.755	 875.523	 883.194	 880.344	 881.527	 892.464	 886.027	 881.425	 884.873	 886.156	 882.83	 878.272	 889.501	 879.372	 879.586	 886.724	 881.86	 873.972	 879.422	 874.269	 876.502	 868.02	 871.466	 863.457	 869.997	 862.555	 870.086	 863.989	 864.831	 860.753	 861.071	 857.234	 857.778

B10
742.45	 746.689	 748.701	 737.324	 746.286	 743.43	 744.045	 742.457	 743.931	 740.435	 737.084	 735.904	 742.212
776.543	 783.165	 795.921	 794.682	 800.786	 801.547	 817.202	 820.53	 822.923	 822.664	 833.547	 833.92	 844.563	 848.119	 847.622	 855.754	 855.088	 863.909	 868.757	 870.997	 868.888	 876.844	 869.763	 874.421	 868.794	 880.435	 876.565	 880.39	 881.159	 878.201	 873.189	 878.065	 880.562	 870.915	 873.182	 871.225	 873.025	 867.27	 873.128	 877.103	 867.547	 863.943	 864.241	 864.751	 856.537	 854.672	 856.235	 861.882	 858.212	 849.421	 856.065	 846.377

C10
689.069	 691.233	 692.757	 684.666	 689.472	 688.867	 688.462	 693.639	 686.356	 685.665	 688.273	 684.224	 682.953
735.379	 739.609	 741.424	 745.685	 757.935	 761.576	 767.979	 775.283	 765.52	 781.155	 783.69	 792.257	 798.23	 802.461	 806.382	 812.155	 807.153	 817.264	 821.591	 819.465	 826.951	 830.539	 830.293	 830.399	 831.583	 827.272	 836.001	 830.954	 838.781	 828.65	 830.582	 827.866	 830.859	 819.121	 815.479	 808.104	 818.549	 810.052	 819.525	 803.2	 806.94	 801.547	 799.722	 792.798	 801.267	 796.579	 795.339	 788.163	 792.265	 785.284	 783.28	 781.661	 785.026

D10
643.869	 639.23	 642.355	 643.838	 640.282	 644.408	 639.676	 644.938	 639.396	 632.106	 640.369	 635.709	 639.789
691.91	 705.373	 704.339	 711.932	 716.93	 723.547	 724.727	 740.44	 737.074	 741.281	 750.803	 752.862	 754.914	 762.615	 769.212	 770.273	 772.969	 767.641	 767.504	 775.499	 782.038	 773.42	 784.685	 774.697	 783.083	 780.797	 777.077	 782.579	 766.329	 777.777	 777.862	 775.232	 770.789	 772.344	 775.939	 771.727	 763.223	 760.753	 765.041	 756.37	 751.871	 757.796	 753.947	 751.723	 753.011	 743.0	 748.079	 748.09	 749.404	 745.251	 739.413	 739.58	 739.171

E10
703.983	 709.251	 701.929	 701.688	 709.674	 706.934	 702.058	 702.543	 705.204	 702.571	 699.093	 709.73	 706.549	 702.86
731.852	 746.089	 738.412	 745.295	 749.949	 757.755	 754.966	 768.401	 778.855	 776.968	 784.382	 778.74	 800.16	 808.618	 808.885	 811.34	 819.761	 816.351	 824.456	 832.502	 831.111	 832.299	 839.133	 838.289	 835.088	 843.212	 841.486	 844.924	 839.65	 834.206	 836.742	 832.941	 827.359	 833.99	 835.423	 827.039	 821.912	 824.978	 824.133	 822.142	 818.341	 815.72	 814.981	 813.923	 814.549	 818.3	 807.656	 810.517	 801.228	 805.422	 805.588	 799.4	 806.044

F10
801.379	 799.517	 794.594	 796.772	 795.851	 798.686	 791.823	 797.186	 792.226	 793.134	 790.407	 791.234	 792.864
815.847	 826.082	 825.694	 827.952	 841.057	 848.059	 846.397	 852.824	 860.497	 864.364	 872.195	 871.483	 892.307	 883.095	 888.682	 887.008	 909.22	 911.571	 906.433	 913.705	 906.481	 915.396	 917.284	 927.878	 917.758	 927.081	 930.431	 927.615	 927.773	 919.892	 929.039	 925.522	 922.507	 922.113	 925.735	 916.971	 914.995	 918.038	 916.021	 912.693	 899.416	 908.762	 906.728	 897.131	 894.421	 883.489	 889.89	 885.089	 882.126	 886.301	 881.455	 878.482	 877.218

G10
719.964	 722.747	 712.286	 715.814	 719.567	 720.946	 715.355	 713.627	 714.377	 714.319	 717.312	 711.105	 714.016
796.457	 806.988	 800.275	 811.666	 820.883	 829.964	 839.133	 848.788	 853.623	 858.511	 857.445	 870.844	 875.739	 881.054	 882.394	 889.12	 887.89	 886.047	 891.288	 886.195	 890.069	 892.287	 884.614	 894.542	 888.257	 882.702	 880.979	 882.338	 875.092	 878.258	 871.562	 872.545	 868.475	 868.027	 866.912	 860.257	 866.8	 860.689	 865.695	 852.515	 856.135	 855.505	 856.827	 857.022	 850.932	 851.533	 858.629	 853.931	 848.521	 858.154	 852.755	 851.722	 857.064

H10
618.364	 618.489	 616.709	 620.736	 619.676	 619.438	 616.627	 616.69	 614.75	 615.279	 612.15	 615.647	 614.518
668.746	 679.345	 676.3	 688.794	 693.108	 694.792	 700.892	 708.624	 717.854	 721.865	 724.138	 731.448	 736.785	 735.129	 748.777	 743.955	 755.595	 751.203	 759.369	 753.064	 760.512	 760.366	 757.705	 751.217	 761.723	 760.517	 756.881	 752.208	 748.782	 756.353	 749.583	 748.98	 748.465	 749.135	 744.443	 750.906	 740.959	 740.115	 746.43	 734.603	 744.527	 741.551	 739.922	 744.795	 739.51	 740.742	 741.988	 739.645	 738.298	 741.572	 743.681	 736.542

A11
833.304	 833.582	 826.837	 817.279	 825.185	 815.859	 819.812	 820.697	 828.305	 824.075	 823.051	 817.721	 822.772
864.881	 863.679	 883.013	 886.886	 886.963	 908.702	 908.925	 924.209	 929.812	 932.637	 949.453	 942.001	 954.159	 955.714	 968.144	 972.279	 975.487	 982.024	 974.282	 978.637	 974.966	 972.639	 981.911	 975.699	 973.671	 972.327	 970.476	 969.403	 965.233	 971.462	 964.055	 962.272	 964.295	 956.597	 956.104	 955.297	 946.887	 949.186	 950.821	 952.546	 939.594	 947.098	 954.154	 942.561	 944.349	 942.722	 942.181	 938.768	 936.728	 941.991	 942.474	 944.175

B11
874.804	 872.639	 865.464	 868.49	 868.76	 868.31	 871.081	 866.357	 854.287	 859.873	 863.143	 853.991	 856.587
873.44	 883.794	 890.988	 889.966	 898.531	 901.355	 911.667	 916.968	 920.065	 934.587	 929.056	 937.974	 944.055	 938.904	 955.636	 963.085	 958.619	 963.061	 962.219	 968.695	 980.813	 975.998	 981.241	 982.512	 982.035	 984.455	 983.35	 987.039	 985.562	 977.368	 982.376	 982.795	 985.124	 977.56	 977.982	 971.713	 974.52	 967.844	 963.344	 963.562	 960.312	 956.472	 953.81	 949.654	 949.241	 948.269	 946.376	 930.784	 930.054	 931.49	 927.007	 927.622

C11
779.38	 775.514	 785.227	 781.436	 781.997	 782.039	 782.498	 780.284	 773.667	 765.506	 778.161	 781.75	 771.485
808.701	 812.865	 821.342	 817.669	 829.105	 839.472	 842.004	 844.233	 851.682	 863.1	 868.294	 869.318	 871.776	 877.514	 884.825	 883.182	 885.721	 894.054	 894.054	 899.999	 893.612	 904.485	 907.7	 904.768	 911.037	 900.802	 905.405	 912.436	 908.256	 904.348	 905.32	 896.94	 899.602	 900.135	 892.735	 904.818	 895.616	 897.067	 889.229	 881.531	 893.2	 887.911	 887.372	 879.645	 886.059	 876.675	 880.321	 869.799	 871.623	 868.643	 865.887	 866.824

D11
615.149	 620.721	 617.839	 623.144	 618.515	 611.962	 616.871	 609.822	 616.348	 617.743	 615.332	 616.917	 613.691
674.242	 683.899	 686.848	 689.914	 697.559	 707.506	 712.48	 721.1	 725.252	 733.709	 737.593	 745.316	 743.118	 747.577	 756.308	 753.846	 757.631	 759.974	 769.873	 769.596	 772.495	 770.647	 771.28	 768.019	 767.672	 772.503	 769.918	 764.302	 764.25	 763.679	 760.726	 762.082	 762.178	 757.758	 762.266	 753.825	 739.75	 756.484	 743.26	 744.766	 743.69	 743.004	 741.962	 738.983	 735.691	 739.615	 739.441	 739.423	 743.369	 736.433	 739.702	 735.779	 730.994

E11
731.422	 724.74	 730.158	 726.966	 725.685	 726.642	 725.792	 728.792	 727.437	 720.374	 725.036	 723.665	 725.842	 727.945
830.267	 840.402	 849.408	 860.912	 861.453	 870.463	 873.112	 893.784	 897.035	 901.478	 906.545	 913.866	 911.282	 922.147	 925.888	 923.384	 930.005	 929.901	 931.595	 934.579	 936.749	 935.205	 937.578	 933.149	 930.514	 938.213	 932.32	 924.111	 932.584	 933.727	 929.312	 929.393	 924.994	 930.21	 924.893	 926.209	 923.246	 926.218	 928.187	 919.46	 924.865	 921.374	 928.458	 917.835	 917.897	 926.299	 918.99	 920.281	 920.711	 914.292	 921.141	 920.39	 909.282

F11
673.54	 671.91	 673.724	 671.978	 666.172	 668.851	 668.645	 667.317	 670.469	 666.779	 668.573	 664.712	 663.199	 664.073
721.025	 726.732	 735.826	 736.706	 744.915	 742.488	 756.575	 763.484	 773.995	 783.115	 786.891	 786.067	 789.767	 799.974	 805.405	 807.204	 816.976	 813.082	 815.51	 820.934	 823.671	 822.975	 824.811	 829.855	 827.018	 823.737	 818.741	 821.696	 818.046	 815.413	 816.126	 810.661	 813.285	 811.618	 811.838	 805.259	 805.357	 795.846	 802.776	 793.235	 804.571	 796.529	 796.659	 797.391	 798.835	 793.65	 796.503	 794.421	 789.16	 799.718	 795.995	 794.971	 790.854

G11
743.184	 747.405	 740.184	 745.145	 743.591	 740.496	 731.941	 735.147	 741.479	 733.998	 732.412	 733.84	 733.053
767.484	 777.887	 780.468	 789.271	 800.742	 801.323	 808.427	 813.312	 827.297	 830.308	 836.973	 841.904	 851.353	 851.025	 857.516	 860.435	 863.211	 867.955	 875.22	 881.511	 876.038	 879.205	 877.885	 883.65	 880.21	 881.085	 880.346	 883.17	 875.782	 873.279	 875.404	 878.148	 878.52	 863.794	 873.88	 867.506	 871.429	 858.153	 857.468	 856.263	 852.838	 846.5	 850.068	 843.035	 848.292	 842.209	 832.014	 843.258	 842.47	 836.696	 837.397	 838.136	 841.217

H11
374.757	 374.014	 368.755	 371.26	 372.49	 370.415	 371.533	 370.731	 370.367	 374.297	 371.097	 372.658	 373.452
432.748	 433.176	 442.0	 444.094	 448.757	 456.761	 458.422	 465.299	 467.235	 466.502	 471.79	 481.302	 476.321	 477.347	 481.541	 481.752	 483.437	 481.064	 488.226	 485.711	 482.563	 485.317	 480.689	 482.294	 475.489	 480.574	 478.054	 477.894	 472.662	 468.444	 471.522	 468.497	 471.24	 468.414	 470.541	 463.228	 467.469	 467.721	 463.921	 466.492	 460.737	 465.345	 465.158	 463.09	 460.42	 466.282	 467.239	 464.585	 463.722	 462.186	 464.144	 460.956

A12
826.366	 831.806	 821.801	 814.365	 817.577	 819.529	 818.668	 807.148	 821.189	 812.142	 812.122	 809.851	 810.295
806.704	 814.16	 823.547	 821.457	 822.094	 830.703	 832.693	 838.231	 848.76	 853.296	 860.326	 865.91	 867.811	 872.7	 877.341	 881.477	 884.66	 895.511	 895.651	 895.7	 898.519	 901.248	 914.536	 910.267	 919.46	 915.327	 919.149	 917.415	 915.489	 912.143	 916.264	 910.999	 913.238	 911.88	 904.087	 910.818	 909.838	 904.066	 905.382	 904.339	 901.713	 900.169	 896.217	 891.034	 893.246	 887.378	 884.765	 886.387	 886.557	 878.162	 878.901	 879.484

B12
814.041	 811.147	 818.178	 806.327	 808.24	 806.935	 806.793	 805.712	 806.996	 808.709	 802.832	 792.394	 807.34
803.323	 811.418	 817.721	 812.017	 823.013	 827.772	 840.204	 844.249	 844.802	 852.866	 855.527	 859.512	 864.361	 875.858	 873.442	 884.48	 891.199	 896.677	 894.9	 901.763	 906.067	 905.096	 909.81	 900.122	 912.591	 918.529	 905.802	 910.966	 920.26	 910.284	 906.65	 915.565	 907.617	 908.562	 899.05	 905.755	 903.967	 903.16	 897.847	 893.655	 892.588	 885.302	 883.626	 890.341	 882.249	 883.237	 889.877	 880.937	 878.49	 876.993	 876.347	 869.594

C12
697.417	 695.662	 690.832	 693.447	 696.931	 691.133	 692.917	 697.516	 681.651	 691.431	 688.179	 690.561	 690.552
709.345	 715.866	 719.33	 723.953	 729.939	 741.589	 734.618	 755.376	 754.438	 769.276	 763.262	 777.451	 779.247	 787.749	 795.319	 791.994	 794.594	 804.323	 808.134	 806.91	 806.409	 815.196	 812.575	 805.735	 807.542	 810.22	 807.274	 810.39	 802.892	 800.581	 796.808	 800.363	 792.371	 791.517	 787.448	 784.428	 781.925	 771.831	 780.979	 771.608	 778.438	 766.889	 774.777	 772.683	 761.506	 771.919	 761.503	 771.565	 760.096	 769.537	 761.924	 764.177

D12
481.56	 485.634	 483.182	 485.047	 485.576	 480.828	 482.705	 481.577	 476.99	 481.534	 480.948	 480.565	 482.395
549.384	 560.214	 567.236	 568.718	 581.764	 582.365	 584.815	 597.41	 593.198	 603.413	 607.407	 609.312	 612.556	 614.047	 616.168	 618.406	 617.805	 621.031	 619.933	 620.902	 622.33	 618.79	 621.474	 623.729	 621.96	 617.547	 613.537	 616.869	 614.15	 616.366	 619.879	 612.025	 604.954	 610.576	 615.662	 611.934	 611.93	 606.871	 610.226	 605.465	 610.746	 611.958	 609.787	 609.307	 611.392	 609.407	 612.757	 600.647	 607.413	 606.694	 613.845	 614.946

E12
632.498	 634.697	 637.681	 635.827	 630.676	 626.802	 629.248	 635.918	 635.301	 635.139	 631.15	 631.717	 629.572
680.028	 683.961	 697.972	 703.075	 706.433	 708.563	 724.199	 727.53	 735.636	 740.624	 751.546	 754.504	 761.184	 759.95	 766.136	 767.961	 770.265	 779.436	 778.892	 778.925	 780.933	 782.585	 789.788	 787.442	 784.966	 788.424	 793.076	 778.795	 776.175	 791.402	 777.6	 780.768	 780.876	 773.011	 784.915	 777.352	 771.384	 775.568	 779.172	 771.907	 772.667	 777.772	 774.259	 770.239	 771.748	 774.194	 769.329	 769.263	 776.379	 774.103	 774.348	 771.131	 778.179

F12
626.703	 620.196	 620.205	 621.494	 623.994	 619.093	 619.612	 622.644	 620.647	 616.081	 617.555	 620.894	 613.697	 620.4
668.943	 669.816	 676.892	 687.397	 696.765	 712.444	 703.518	 722.773	 728.214	 726.838	 738.037	 744.211	 751.629	 750.957	 752.74	 752.314	 749.933	 757.604	 758.05	 763.355	 761.149	 760.13	 760.94	 757.131	 758.71	 753.657	 752.647	 749.803	 748.564	 745.265	 744.733	 741.307	 744.94	 735.098	 740.418	 738.574	 739.506	 741.382	 738.042	 739.544	 742.4	 741.393	 739.095	 741.601	 745.134	 738.603	 737.486	 739.592	 742.608	 743.111	 741.056	 747.493	 744.225

G12
337.122	 339.73	 339.624	 338.264	 339.635	 342.723	 340.403	 340.018	 339.15	 336.08	 338.646	 336.051	 336.742
408.017	 417.833	 418.583	 426.284	 429.052	 435.803	 436.185	 438.984	 445.254	 445.619	 449.757	 450.973	 455.602	 455.951	 455.954	 463.168	 464.121	 460.302	 457.775	 459.297	 456.824	 465.02	 462.309	 464.888	 461.388	 465.067	 454.979	 465.535	 458.554	 458.527	 460.425	 457.948	 457.805	 457.356	 457.472	 456.814	 457.434	 452.473	 456.703	 454.143	 450.639	 458.046	 452.634	 450.377	 453.855	 453.194	 451.473	 450.035	 451.924	 453.223	 447.949	 454.023	 452.69

H12
333.22	 332.387	 339.859	 336.501	 339.878	 332.514	 331.643	 336.362	 334.491	 329.835	 331.897	 337.016	 337.023
373.07	 377.963	 379.009	 383.827	 388.401	 393.552	 398.838	 397.095	 403.302	 409.037	 412.638	 413.426	 416.241	 420.143	 423.721	 424.209	 423.606	 424.345	 427.197	 421.696	 431.025	 424.511	 417.346	 424.519	 424.345	 427.069	 421.558	 419.382	 414.908	 419.631	 421.917	 418.746	 417.308	 417.103	 418.262	 415.412	 410.17	 412.956	 406.995	 405.77	 411.856	 409.64	 411.145	 411.573	 409.359	 407.106	 407.838	 410.899	 407.454	 408.682	 411.35	 410.37	 410.048

