A1
714.742	 712.153	 711.319	 710.411	 707.572	 710.935	 713.298	 699.961	 707.777	 710.464	 709.045	 706.597	 713.223
810.343	 818.014	 822.586	 811.801	 808.865	 804.689	 792.138	 776.434	 757.381	 746.748	 719.883	 706.639	 686.403	 670.091	 654.034	 636.995	 621.549	 614.881	 600.226	 586.53	 578.315	 573.645	 563.406	 555.039	 549.866	 536.602	 532.172	 525.658	 521.219	 516.308	 513.35	 504.946	 503.221	 499.065	 498.676	 494.995	 490.35	 486.016	 484.236	 481.369	 475.501	 472.086	 469.441	 468.772	 467.184	 462.498	 460.985	 459.877	 458.437	 455.774	 451.864	 449.763

B1
789.696	 793.606	 783.916	 786.646	 783.86	 795.903	 788.666	 787.296	 786.816	 787.144	 786.994	 779.36	 781.91
840.964	 843.176	 849.464	 855.254	 856.875	 863.352	 860.385	 877.057	 876.832	 868.915	 882.226	 886.797	 887.31	 889.97	 885.144	 880.147	 879.226	 876.371	 869.602	 854.275	 849.007	 828.064	 824.352	 804.199	 789.104	 766.482	 749.153	 729.623	 708.171	 689.373	 669.38	 654.484	 634.983	 625.496	 608.193	 587.738	 573.82	 566.811	 548.264	 540.501	 532.994	 523.973	 509.736	 508.407	 497.629	 491.906	 484.081	 485.157	 478.726	 469.822	 468.152	 462.674	 456.91

C1
1488.916	 1487.117	 1476.209	 1485.959	 1477.461	 1489.739	 1481.769	 1490.142	 1487.819	 1483.229	 1477.209	 1495.652	 1487.439
1596.173	 1597.628	 1607.938	 1619.364	 1629.116	 1641.323	 1657.582	 1665.27	 1674.139	 1680.581	 1692.284	 1688.864	 1707.822	 1714.32	 1704.966	 1725.181	 1722.806	 1703.402	 1716.144	 1699.323	 1694.082	 1683.225	 1674.092	 1647.728	 1640.861	 1611.125	 1598.182	 1570.661	 1557.975	 1530.681	 1508.575	 1483.097	 1456.059	 1437.673	 1425.471	 1397.241	 1376.525	 1357.599	 1328.633	 1314.668	 1292.424	 1267.814	 1254.939	 1232.388	 1225.652	 1204.457	 1183.141	 1170.966	 1158.906	 1148.95	 1134.298	 1136.96	 1119.099

D1
1517.172	 1514.354	 1510.11	 1511.723	 1511.569	 1516.247	 1519.839	 1515.946	 1514.352	 1515.231	 1509.558	 1505.032	 1504.081	 1501.511
1603.234	 1615.521	 1625.065	 1642.248	 1648.748	 1660.582	 1665.197	 1689.851	 1693.496	 1708.361	 1722.086	 1732.969	 1745.51	 1755.117	 1749.183	 1748.224	 1761.463	 1771.269	 1740.974	 1757.455	 1750.385	 1740.139	 1730.496	 1707.311	 1688.14	 1669.272	 1663.136	 1616.868	 1598.299	 1567.202	 1553.624	 1524.327	 1497.087	 1464.323	 1435.79	 1413.413	 1395.836	 1369.419	 1347.207	 1323.647	 1303.901	 1282.677	 1261.588	 1241.744	 1238.339	 1222.942	 1208.081	 1204.676	 1189.289	 1172.57	 1172.208	 1162.658	 1149.126

E1
35.337	 35.743	 35.845
46.405	 46.244	 47.433	 47.225	 47.372	 46.248	 45.807	 47.25	 46.269	 46.472	 45.954	 47.263	 47.036	 47.429	 46.814	 46.511	 47.261	 46.698	 46.915	 47.523	 47.541	 46.944	 47.377	 47.562	 47.768	 47.719	 47.919	 46.773	 47.481	 48.054	 47.557	 47.144	 46.974	 47.122	 46.631	 46.674	 46.906	 46.253	 45.778	 46.912	 47.623	 46.854	 47.223	 47.304	 47.201	 47.05	 47.271	 46.985	 46.919	 47.528	 46.004	 47.624	 46.854

F1
39.716
51.092	 49.31	 50.185	 50.233	 50.907	 50.375	 50.588	 50.698	 51.015	 50.566	 50.359	 50.745	 50.599	 50.902	 50.583	 51.291	 50.391	 50.405	 51.047	 51.34	 51.648	 51.441	 50.899	 50.799	 49.347	 51.564	 50.697	 50.375	 51.272	 51.243	 50.346	 50.544	 49.412	 49.793	 51.225	 50.332	 49.777	 49.648	 50.794	 49.818	 50.162	 50.047	 50.906	 49.798	 49.778	 50.21	 49.535	 49.287	 49.156	 49.526	 49.931	 48.948	 49.28

G1

54.415	 54.37	 54.496	 54.142	 56.977	 55.82	 56.492	 55.944	 54.186	 55.881	 55.085	 55.957	 56.021	 56.125	 55.061	 54.622	 55.41	 55.064	 54.97	 54.202	 55.614	 54.632	 55.667	 55.145	 55.748	 53.684	 54.148	 53.532	 53.837	 52.859	 53.353	 53.647	 52.908	 53.748	 52.524	 52.66	 52.919	 52.666	 51.904	 52.331	 52.6	 52.318	 52.041	 51.775	 50.863	 51.27	 51.361	 51.042	 51.259	 51.648	 50.978	 50.506	 49.684

H1

54.236	 55.274	 54.924	 54.18	 55.34	 54.301	 55.111	 54.251	 54.843	 54.351	 54.388	 54.694	 54.749	 54.98	 54.019	 55.702	 53.969	 55.195	 55.099	 55.173	 55.292	 54.014	 55.409	 55.161	 54.793	 53.634	 54.695	 54.987	 54.527	 54.646	 54.564	 54.499	 54.688	 54.135	 54.847	 53.668	 54.546	 53.873	 53.763	 53.882	 53.174	 55.196	 54.246	 54.313	 53.201	 53.217	 53.909	 53.167	 54.555	 53.537	 53.271	 52.915	 51.981

A2
885.244	 892.764	 888.351	 889.412	 889.384	 893.493	 888.514	 887.359	 889.139	 889.801	 883.339	 887.507	 886.883
950.099	 956.36	 951.376	 964.173	 973.457	 977.474	 972.435	 977.653	 986.633	 991.017	 985.655	 994.291	 986.846	 984.795	 981.798	 977.026	 963.255	 950.0	 938.498	 926.367	 901.34	 886.059	 871.713	 846.123	 829.81	 804.361	 786.139	 776.229	 758.873	 740.909	 728.488	 711.566	 698.474	 688.193	 675.211	 652.929	 644.31	 639.712	 626.848	 618.656	 611.584	 600.302	 596.28	 586.4	 580.712	 576.56	 572.753	 568.66	 558.458	 557.505	 553.636	 549.435

B2
1101.703	 1094.094	 1104.776	 1097.033	 1090.922	 1093.156	 1101.259	 1096.772	 1099.746	 1091.233	 1093.766	 1092.142	 1091.591
1165.433	 1178.751	 1189.15	 1189.308	 1206.142	 1194.535	 1215.891	 1212.935	 1218.22	 1222.606	 1221.83	 1233.953	 1243.265	 1237.362	 1229.228	 1231.395	 1228.373	 1215.495	 1205.671	 1193.256	 1178.029	 1175.648	 1154.174	 1141.796	 1119.755	 1099.622	 1078.223	 1071.936	 1048.195	 1029.313	 1006.583	 989.544	 969.711	 948.715	 930.157	 911.419	 884.819	 877.996	 860.964	 838.717	 819.55	 812.245	 794.501	 783.62	 773.534	 761.911	 749.566	 743.282	 732.833	 721.101	 715.089	 706.274

C2
1509.939	 1494.132	 1511.707	 1513.539	 1508.585	 1507.213	 1505.244	 1510.801	 1512.393	 1499.782	 1506.306	 1500.806	 1504.166
1627.023	 1646.868	 1659.981	 1666.025	 1685.64	 1688.256	 1717.779	 1712.713	 1740.38	 1733.005	 1736.838	 1741.21	 1757.424	 1748.797	 1745.229	 1745.124	 1736.768	 1728.842	 1710.12	 1690.85	 1680.895	 1670.758	 1641.679	 1640.533	 1592.094	 1577.094	 1545.38	 1536.193	 1495.512	 1484.554	 1445.755	 1437.156	 1413.19	 1390.986	 1364.043	 1344.785	 1320.331	 1304.754	 1287.276	 1274.159	 1257.495	 1231.945	 1224.481	 1211.12	 1196.369	 1186.678	 1183.004	 1165.987	 1164.166	 1151.15	 1139.85	 1146.205

D2
1609.845	 1603.605	 1617.171	 1605.539	 1609.773	 1605.342	 1604.004	 1600.632	 1609.751	 1604.665	 1612.745	 1608.055	 1606.964
1761.202	 1759.933	 1782.895	 1793.934	 1803.562	 1824.382	 1836.225	 1838.87	 1844.724	 1837.126	 1848.51	 1852.187	 1852.882	 1835.099	 1835.301	 1822.326	 1822.6	 1797.703	 1774.471	 1759.932	 1742.495	 1719.865	 1693.441	 1660.615	 1656.351	 1624.892	 1592.984	 1578.065	 1562.338	 1518.62	 1509.682	 1490.275	 1468.037	 1464.104	 1437.881	 1421.943	 1412.348	 1398.023	 1387.057	 1381.82	 1367.53	 1368.801	 1356.627	 1340.213	 1336.979	 1337.195	 1328.865	 1327.906	 1327.344	 1331.335	 1315.541	 1312.115	 1307.706

E2
35.462	 35.366	 35.895
45.743	 46.749	 45.637	 47.57	 46.867	 46.447	 46.78	 46.499	 47.531	 46.785	 46.902	 46.162	 46.785	 47.151	 47.699	 46.235	 47.225	 47.011	 47.071	 46.997	 45.888	 47.211	 46.429	 47.303	 47.243	 47.384	 46.736	 46.627	 46.744	 47.496	 47.071	 46.576	 46.395	 46.158	 46.704	 47.142	 45.441	 46.991	 45.91	 46.434	 46.216	 46.117	 45.602	 45.33	 46.58	 46.407	 46.791	 46.116	 45.076	 47.193	 45.886	 46.063	 45.511

F2
36.457
48.983	 48.726	 49.204	 48.346	 49.502	 48.793	 48.174	 47.934	 48.462	 48.96	 49.345	 49.357	 49.021	 49.378	 49.43	 50.022	 48.845	 48.589	 50.419	 49.353	 48.843	 49.217	 49.54	 49.579	 50.163	 48.867	 48.692	 48.65	 48.319	 48.258	 48.684	 49.184	 48.718	 49.405	 48.799	 48.624	 48.712	 49.203	 48.729	 48.656	 49.474	 47.833	 48.211	 48.109	 48.295	 48.465	 48.832	 48.391	 47.814	 47.967	 47.98	 47.4	 47.453

G2

52.492	 52.751	 53.139	 53.833	 52.697	 53.941	 53.749	 53.715	 52.604	 53.9	 52.993	 53.987	 52.86	 53.148	 53.22	 54.041	 53.24	 53.721	 53.292	 53.344	 52.98	 53.311	 52.787	 53.305	 52.926	 52.651	 51.772	 52.091	 51.519	 51.215	 52.217	 51.666	 52.986	 51.424	 51.961	 50.737	 51.682	 51.188	 50.924	 51.597	 51.123	 51.015	 51.063	 51.263	 52.49	 50.825	 51.143	 51.459	 51.0	 50.667	 51.046	 49.714	 51.078

H2

59.626	 60.193	 58.486	 59.274	 59.673	 58.77	 59.497	 59.476	 58.931	 59.45	 59.967	 59.337	 58.855	 57.464	 58.603	 59.16	 59.197	 57.882	 58.481	 58.598	 57.88	 57.445	 57.584	 57.982	 57.044	 56.956	 55.432	 57.401	 56.661	 55.528	 55.912	 56.505	 56.036	 56.017	 54.876	 56.047	 55.463	 55.021	 54.704	 54.657	 54.414	 53.981	 54.439	 54.938	 53.852	 53.663	 54.349	 54.14	 54.421	 54.113	 53.505	 53.538	 53.692

A3
920.621	 912.243	 916.42	 914.255	 911.122	 915.6	 907.432	 911.693	 900.572	 909.267	 909.273	 910.605	 904.993
972.526	 972.078	 984.397	 988.214	 991.675	 990.882	 992.432	 989.172	 981.173	 977.625	 975.385	 957.177	 947.03	 932.684	 929.275	 897.142	 872.347	 865.909	 844.828	 834.862	 813.114	 799.503	 779.468	 768.276	 762.962	 752.555	 735.884	 727.575	 717.441	 714.137	 705.963	 699.987	 696.473	 692.962	 685.328	 675.35	 675.662	 670.341	 661.129	 660.527	 658.488	 655.296	 656.175	 653.086	 650.188	 645.782	 642.434	 644.112	 642.764	 641.877	 644.392	 639.309

B3
1070.596	 1063.759	 1076.672	 1062.286	 1063.54	 1053.479	 1066.988	 1058.886	 1060.075	 1068.819	 1063.955	 1060.92	 1060.296
1155.891	 1154.165	 1171.888	 1176.035	 1187.272	 1175.605	 1190.182	 1193.057	 1188.182	 1200.058	 1202.483	 1191.086	 1195.573	 1189.873	 1182.928	 1164.539	 1150.648	 1136.801	 1114.887	 1093.844	 1072.513	 1062.126	 1039.446	 1011.279	 993.559	 982.88	 966.471	 938.166	 928.396	 909.227	 896.44	 875.594	 855.333	 844.283	 828.709	 819.585	 806.824	 796.805	 791.43	 782.383	 769.448	 770.441	 756.996	 751.53	 750.117	 742.861	 737.655	 733.471	 729.264	 725.376	 728.943	 717.23

C3
1456.667	 1459.745	 1462.517	 1465.165	 1456.368	 1470.452	 1462.657	 1463.567	 1456.042	 1454.61	 1451.952	 1454.984	 1450.558
1507.831	 1532.019	 1542.471	 1561.579	 1576.264	 1576.013	 1596.7	 1602.707	 1613.339	 1630.011	 1628.174	 1629.207	 1656.964	 1661.518	 1664.21	 1664.817	 1658.18	 1656.152	 1645.489	 1643.675	 1642.573	 1627.661	 1628.062	 1613.301	 1595.694	 1581.517	 1568.019	 1542.077	 1528.287	 1520.78	 1492.551	 1466.635	 1441.993	 1434.177	 1392.267	 1381.076	 1364.997	 1337.687	 1323.844	 1299.825	 1277.769	 1269.889	 1247.862	 1231.043	 1214.881	 1192.221	 1192.906	 1173.087	 1165.623	 1145.235	 1137.933	 1128.834

D3
1404.092	 1416.143	 1401.78	 1402.969	 1397.68	 1397.837	 1402.354	 1397.98	 1399.532	 1400.592	 1398.962	 1395.094	 1400.138
1461.981	 1485.455	 1502.5	 1509.918	 1520.544	 1536.006	 1536.975	 1554.308	 1556.607	 1584.065	 1586.804	 1590.424	 1607.173	 1601.649	 1611.207	 1625.25	 1615.359	 1612.894	 1610.894	 1608.538	 1598.15	 1582.453	 1580.913	 1559.396	 1530.864	 1531.785	 1516.228	 1493.841	 1476.403	 1446.683	 1428.822	 1405.212	 1379.224	 1361.949	 1336.375	 1312.19	 1298.156	 1278.473	 1254.997	 1230.833	 1211.408	 1203.128	 1187.791	 1174.876	 1162.868	 1139.608	 1135.201	 1119.608	 1111.459	 1097.094	 1092.238	 1091.751

E3
33.246	 32.878
42.422	 43.344	 43.538	 44.122	 43.731	 43.944	 42.821	 44.59	 44.329	 44.234	 44.417	 43.776	 44.571	 44.441	 43.244	 44.245	 45.014	 43.802	 44.413	 43.585	 43.738	 44.608	 44.802	 43.742	 43.198	 43.93	 43.845	 44.739	 44.194	 44.395	 44.373	 44.292	 45.139	 44.352	 45.11	 43.636	 43.996	 44.087	 43.288	 44.91	 44.2	 43.961	 43.193	 43.733	 43.97	 44.302	 44.295	 43.521	 43.317	 43.462	 44.198	 43.703	 43.524

F3
35.108
48.982	 49.298	 48.689	 48.096	 49.949	 50.364	 49.987	 49.715	 49.878	 49.415	 49.715	 49.061	 48.488	 49.316	 48.62	 49.625	 49.054	 48.965	 49.083	 47.597	 49.247	 48.729	 48.613	 47.537	 49.045	 49.081	 47.764	 47.909	 48.315	 48.048	 47.531	 48.352	 46.885	 47.053	 48.094	 47.651	 47.448	 47.137	 46.66	 46.957	 47.557	 46.099	 47.556	 46.589	 46.702	 46.988	 47.134	 46.634	 45.517	 46.993	 46.876	 46.255	 46.109

G3

53.943	 52.49	 52.955	 54.196	 53.472	 53.224	 52.981	 53.271	 53.168	 53.642	 53.531	 53.462	 52.675	 53.639	 53.292	 53.443	 53.964	 54.742	 52.853	 53.08	 53.237	 53.027	 52.966	 52.809	 52.891	 52.267	 52.446	 53.034	 52.206	 52.204	 51.091	 52.122	 52.527	 52.435	 50.808	 52.309	 51.066	 51.446	 51.386	 50.437	 51.503	 51.132	 51.603	 51.299	 51.087	 50.27	 51.02	 50.252	 50.83	 49.739	 50.097	 49.978	 49.664

H3

54.247	 54.925	 54.729	 55.808	 55.765	 54.354	 54.968	 55.328	 53.796	 55.144	 55.279	 54.054	 55.487	 55.254	 54.204	 54.616	 53.756	 55.482	 54.196	 54.332	 54.376	 54.786	 53.312	 54.734	 54.639	 54.16	 53.747	 54.247	 52.826	 52.974	 53.127	 52.881	 54.086	 54.481	 52.283	 51.955	 51.93	 52.574	 53.511	 52.729	 52.027	 53.183	 52.709	 51.625	 51.654	 52.091	 52.54	 52.606	 51.845	 51.808	 51.93	 51.391	 51.466

A4
1001.729	 988.551	 1002.816	 994.027	 1007.384	 1000.697	 992.584	 995.33	 996.294	 998.173	 994.915	 994.831	 997.62
1065.227	 1064.912	 1068.413	 1081.679	 1089.45	 1091.06	 1106.328	 1103.289	 1112.396	 1113.178	 1114.525	 1108.382	 1112.685	 1103.262	 1108.304	 1096.91	 1083.33	 1072.9	 1058.54	 1047.227	 1027.635	 1012.351	 996.693	 969.551	 954.439	 936.305	 920.81	 900.846	 882.369	 867.402	 842.654	 829.564	 811.292	 799.326	 789.893	 770.386	 753.935	 748.726	 738.596	 727.144	 714.597	 711.218	 704.046	 694.376	 684.8	 681.592	 676.085	 672.046	 670.932	 664.858	 659.074	 650.529

B4
1173.091	 1168.391	 1168.872	 1167.586	 1167.657	 1156.715	 1168.621	 1158.2	 1170.903	 1167.951	 1158.562	 1166.494	 1156.007
1266.099	 1280.809	 1290.68	 1286.474	 1304.274	 1320.216	 1321.808	 1323.707	 1333.153	 1326.491	 1335.773	 1338.235	 1342.737	 1336.754	 1324.31	 1311.744	 1315.271	 1301.167	 1282.154	 1268.749	 1245.432	 1233.004	 1202.443	 1197.596	 1160.814	 1151.382	 1127.294	 1101.243	 1078.838	 1059.414	 1035.726	 1014.05	 998.385	 981.89	 965.434	 947.718	 937.016	 910.166	 913.731	 887.197	 881.351	 866.95	 867.574	 847.071	 842.214	 840.539	 832.31	 823.346	 814.478	 812.339	 805.927	 805.977

C4
1469.047	 1480.931	 1478.435	 1480.035	 1481.005	 1472.286	 1473.458	 1471.183	 1474.743	 1474.571	 1472.667	 1477.882	 1468.213
1597.796	 1603.009	 1622.951	 1639.772	 1645.704	 1649.855	 1683.919	 1691.444	 1699.018	 1709.423	 1721.57	 1711.121	 1726.794	 1728.921	 1723.737	 1703.734	 1707.076	 1698.729	 1676.763	 1662.427	 1658.521	 1628.823	 1610.344	 1586.456	 1566.469	 1548.421	 1520.217	 1496.909	 1466.243	 1444.288	 1410.313	 1394.725	 1368.213	 1352.68	 1336.151	 1320.237	 1297.653	 1280.099	 1267.888	 1246.28	 1234.743	 1228.635	 1222.115	 1213.812	 1194.988	 1190.61	 1185.991	 1178.633	 1166.13	 1169.183	 1154.466	 1154.946

D4
1378.655	 1392.536	 1395.32	 1382.179	 1381.748	 1387.811	 1384.732	 1379.877	 1383.077	 1386.932	 1378.361	 1378.799	 1383.291
1502.667	 1521.956	 1538.823	 1548.206	 1563.099	 1579.264	 1589.864	 1591.705	 1595.725	 1605.806	 1612.922	 1612.491	 1603.696	 1601.645	 1584.251	 1578.533	 1564.234	 1555.904	 1529.064	 1513.494	 1485.992	 1481.122	 1446.994	 1428.759	 1403.326	 1386.706	 1360.512	 1346.594	 1326.496	 1306.012	 1293.906	 1273.993	 1261.645	 1242.249	 1236.71	 1219.073	 1193.741	 1206.527	 1179.632	 1175.305	 1167.232	 1160.647	 1144.803	 1148.594	 1141.079	 1141.145	 1130.944	 1126.952	 1125.441	 1119.764	 1120.035	 1117.673	 1109.132

E4
32.812	 31.886	 32.053
42.607	 42.761	 43.47	 42.642	 43.386	 43.77	 42.53	 42.915	 43.441	 43.252	 42.515	 42.164	 42.867	 43.499	 42.854	 43.148	 43.211	 43.66	 42.922	 43.33	 43.883	 44.32	 43.249	 43.272	 42.516	 42.615	 42.789	 42.896	 43.506	 43.616	 43.749	 43.092	 43.011	 43.38	 42.718	 42.883	 43.875	 42.643	 43.813	 43.101	 43.214	 43.617	 42.559	 42.672	 42.27	 43.064	 43.931	 42.353	 43.022	 42.133	 42.429	 42.33	 42.128

F4
35.206
48.575	 49.016	 49.142	 48.937	 49.873	 49.884	 49.576	 50.232	 49.661	 50.071	 48.636	 50.016	 48.755	 49.001	 48.425	 48.869	 48.92	 49.109	 49.005	 49.043	 49.559	 48.953	 49.339	 49.051	 48.71	 48.173	 48.112	 47.408	 47.777	 48.057	 49.053	 47.132	 47.253	 46.176	 47.111	 47.339	 46.524	 46.502	 46.661	 45.452	 45.71	 45.702	 46.861	 46.036	 46.074	 45.257	 45.62	 46.287	 46.093	 45.348	 45.233	 45.999	 46.04

G4

52.637	 52.543	 52.976	 52.485	 53.149	 51.899	 52.45	 53.543	 53.191	 51.568	 52.882	 52.03	 52.913	 53.535	 53.137	 52.725	 53.332	 52.408	 52.846	 53.103	 52.522	 52.343	 52.438	 51.981	 51.629	 52.377	 51.596	 50.475	 51.682	 51.925	 51.015	 52.188	 51.306	 51.259	 51.486	 51.89	 51.66	 52.911	 51.676	 50.511	 50.577	 50.291	 49.934	 51.453	 50.913	 50.553	 50.51	 50.082	 50.51	 49.596	 51.351	 49.608	 50.38

H4

55.502	 56.073	 56.707	 56.104	 55.412	 56.238	 56.943	 56.74	 55.678	 56.229	 56.693	 55.639	 55.477	 54.562	 55.08	 56.333	 54.49	 54.791	 55.11	 54.892	 55.224	 54.903	 54.538	 54.028	 54.766	 54.518	 53.94	 54.234	 54.782	 53.65	 54.312	 52.984	 53.541	 54.043	 53.79	 52.443	 52.123	 52.883	 54.156	 53.881	 52.156	 53.554	 52.766	 52.347	 54.065	 52.472	 52.294	 52.999	 52.101	 51.729	 52.009	 51.771	 51.912

A5
913.91	 904.614	 911.862	 913.594	 901.731	 906.549	 905.107	 903.646	 903.308	 903.304	 902.159	 902.375	 902.385
956.806	 971.777	 979.984	 982.821	 1000.962	 996.15	 1009.548	 1010.548	 1009.629	 1023.362	 1017.177	 1016.675	 1006.765	 1003.547	 1005.131	 984.067	 970.362	 965.745	 952.225	 940.126	 925.406	 910.917	 889.592	 873.384	 850.648	 838.537	 819.769	 806.159	 795.633	 776.11	 760.508	 750.528	 736.793	 722.407	 711.22	 702.722	 693.731	 684.374	 678.756	 670.56	 667.35	 659.167	 656.845	 646.908	 646.946	 637.694	 638.971	 630.875	 630.172	 630.332	 625.034	 620.198

B5
1027.517	 1026.879	 1027.875	 1023.022	 1029.887	 1024.214	 1023.534	 1020.448	 1026.449	 1022.078	 1016.063	 1021.929	 1019.409
1087.632	 1101.106	 1103.457	 1124.542	 1126.725	 1135.416	 1133.573	 1149.211	 1154.664	 1156.324	 1157.384	 1164.619	 1161.822	 1151.792	 1141.792	 1135.281	 1129.041	 1119.292	 1113.949	 1084.96	 1074.733	 1059.807	 1043.391	 1020.507	 1002.711	 981.81	 963.527	 952.811	 930.082	 917.858	 893.777	 878.508	 863.529	 852.83	 835.457	 821.965	 808.011	 798.749	 791.937	 778.033	 767.405	 753.205	 752.504	 748.031	 742.858	 740.262	 730.542	 727.876	 724.443	 715.289	 715.369	 712.412

C5
1489.115	 1502.814	 1488.879	 1491.681	 1474.195	 1502.567	 1495.427	 1489.557	 1484.293	 1485.925	 1495.829	 1496.038	 1492.771
1608.68	 1625.627	 1631.686	 1656.581	 1678.194	 1677.399	 1694.909	 1701.736	 1713.547	 1711.046	 1720.918	 1716.529	 1719.405	 1711.638	 1698.543	 1700.764	 1687.15	 1674.044	 1655.168	 1643.302	 1611.33	 1592.442	 1563.224	 1559.289	 1526.837	 1520.006	 1492.718	 1463.947	 1449.742	 1441.369	 1427.414	 1403.339	 1389.918	 1365.678	 1353.566	 1350.357	 1334.869	 1323.106	 1312.373	 1303.775	 1287.9	 1284.595	 1271.584	 1267.025	 1258.378	 1258.296	 1251.033	 1242.202	 1251.308	 1241.075	 1236.608	 1240.27	 1234.483

D5
1482.647	 1474.413	 1480.741	 1490.474	 1476.6	 1478.108	 1478.241	 1485.95	 1473.662	 1474.716	 1483.669	 1476.17	 1480.005
1602.138	 1616.112	 1637.257	 1642.236	 1652.773	 1666.693	 1678.51	 1676.746	 1677.703	 1670.094	 1675.395	 1675.258	 1676.844	 1656.141	 1639.6	 1641.751	 1627.843	 1612.819	 1593.77	 1589.151	 1549.614	 1542.102	 1525.016	 1505.952	 1497.495	 1476.3	 1463.424	 1457.493	 1444.53	 1420.088	 1412.669	 1394.079	 1386.177	 1374.163	 1362.239	 1369.171	 1357.354	 1348.672	 1339.394	 1342.19	 1333.749	 1333.772	 1319.253	 1317.315	 1320.019	 1314.445	 1316.482	 1307.02	 1303.968	 1308.071	 1310.084	 1307.649	 1303.157

E5
30.796	 30.888	 29.742
44.59	 45.026	 45.763	 45.064	 45.539	 45.095	 44.504	 44.786	 44.95	 46.53	 45.736	 45.269	 45.539	 45.027	 45.926	 46.426	 45.512	 45.57	 45.21	 45.731	 45.438	 44.888	 45.773	 45.618	 45.483	 45.54	 44.557	 45.293	 44.764	 45.313	 45.032	 45.389	 45.587	 44.877	 45.874	 45.182	 45.334	 44.696	 44.34	 44.957	 44.562	 44.618	 43.965	 44.11	 43.497	 44.745	 44.567	 44.537	 44.333	 43.834	 44.286	 44.149	 44.147

F5
35.781
50.5	 50.483	 50.776	 50.71	 50.945	 50.671	 50.495	 50.709	 50.416	 50.91	 50.721	 51.1	 50.553	 51.811	 51.916	 51.719	 50.059	 50.663	 50.671	 49.081	 51.164	 50.577	 49.636	 49.921	 49.623	 50.059	 50.429	 49.297	 49.252	 49.535	 49.759	 49.545	 50.044	 48.535	 50.008	 48.27	 49.411	 49.2	 47.734	 49.42	 49.263	 49.508	 48.525	 48.814	 48.623	 48.22	 48.025	 47.863	 47.788	 47.647	 47.774	 47.238	 47.908

G5

55.165	 55.151	 54.368	 55.64	 54.933	 56.302	 56.097	 55.068	 55.689	 56.753	 54.741	 55.574	 56.147	 55.254	 55.737	 56.178	 54.809	 55.025	 54.25	 55.234	 54.446	 55.835	 55.054	 54.458	 55.101	 54.058	 53.601	 54.769	 55.941	 53.698	 53.878	 53.738	 54.408	 54.356	 52.654	 54.354	 53.276	 53.565	 52.696	 53.482	 52.869	 53.407	 52.479	 53.994	 52.687	 52.76	 51.348	 51.711	 52.484	 51.637	 51.133	 51.572	 52.74

H5

56.42	 56.527	 56.056	 55.671	 55.502	 55.825	 57.281	 56.177	 55.233	 56.73	 55.814	 54.597	 55.189	 56.604	 55.875	 55.832	 55.582	 54.699	 55.76	 55.257	 54.323	 55.483	 54.79	 54.931	 54.896	 53.763	 54.925	 54.569	 53.604	 53.857	 54.661	 55.373	 55.102	 53.388	 54.219	 54.047	 54.151	 53.582	 53.459	 52.971	 53.49	 52.835	 53.773	 52.245	 51.779	 51.6	 52.603	 52.631	 51.719	 51.854	 52.459	 51.689	 51.326

A6
807.733	 812.51	 802.262	 810.883	 809.91	 816.301	 813.152	 816.716	 811.954	 810.27	 809.986	 813.695	 807.783
866.14	 879.886	 887.457	 889.001	 894.434	 896.705	 906.446	 905.732	 910.131	 900.038	 901.653	 888.56	 887.656	 881.261	 866.172	 865.999	 845.548	 839.422	 829.205	 813.017	 806.165	 785.077	 770.18	 759.705	 749.732	 741.838	 725.24	 708.512	 699.985	 687.892	 682.69	 674.904	 669.179	 661.618	 652.307	 644.817	 645.509	 637.69	 632.134	 631.371	 623.856	 629.014	 625.054	 622.089	 621.744	 621.074	 619.145	 620.458	 614.808	 616.015	 618.047	 620.084

B6
1018.4	 1016.221	 1021.855	 1012.578	 1014.436	 1010.0	 1012.431	 1016.625	 1019.058	 1017.018	 1018.497	 1009.661	 1009.068
1112.341	 1121.932	 1129.168	 1126.987	 1143.982	 1154.392	 1153.002	 1156.198	 1159.746	 1152.063	 1152.596	 1160.426	 1138.182	 1131.286	 1129.774	 1112.361	 1104.269	 1084.919	 1075.86	 1048.165	 1042.489	 1018.215	 1000.816	 985.371	 960.264	 954.199	 942.03	 924.558	 908.461	 899.639	 883.01	 875.285	 858.431	 863.38	 852.12	 849.329	 834.737	 835.702	 827.43	 818.746	 821.239	 819.55	 812.394	 813.582	 812.041	 810.454	 802.523	 812.052	 802.449	 797.063	 801.379	 798.417

C6
1513.333	 1518.635	 1519.861	 1515.053	 1511.437	 1520.833	 1518.707	 1525.792	 1500.656	 1524.897	 1530.904	 1523.612	 1520.329
1681.218	 1691.599	 1711.717	 1719.841	 1737.664	 1747.597	 1750.913	 1764.284	 1762.372	 1762.591	 1753.985	 1763.692	 1754.544	 1740.506	 1727.818	 1715.081	 1698.521	 1686.836	 1669.505	 1652.945	 1616.012	 1595.986	 1585.014	 1575.626	 1542.19	 1527.706	 1509.71	 1490.552	 1476.106	 1459.454	 1445.42	 1429.239	 1419.276	 1416.938	 1415.6	 1392.433	 1390.857	 1380.284	 1380.652	 1369.685	 1369.824	 1364.32	 1366.596	 1364.841	 1361.188	 1354.9	 1359.599	 1360.254	 1348.195	 1360.115	 1349.915	 1357.693

D6
1481.839	 1464.491	 1468.59	 1475.426	 1479.937	 1476.025	 1474.495	 1478.85	 1478.338	 1462.752	 1469.398	 1469.223	 1477.911
1620.86	 1623.141	 1638.713	 1651.633	 1672.166	 1674.295	 1684.089	 1695.514	 1695.276	 1708.89	 1696.699	 1692.477	 1694.333	 1686.24	 1683.641	 1676.097	 1658.667	 1650.626	 1636.996	 1631.836	 1610.911	 1583.846	 1567.56	 1570.426	 1545.18	 1532.173	 1516.949	 1512.729	 1491.763	 1487.588	 1473.871	 1457.585	 1446.877	 1448.498	 1440.94	 1431.626	 1427.254	 1423.171	 1422.281	 1418.771	 1416.847	 1416.962	 1420.043	 1402.734	 1417.681	 1420.341	 1421.668	 1417.447	 1408.384	 1415.113	 1410.027	 1415.075	 1406.115

E6
31.718	 31.119	 32.001
49.959	 50.997	 50.013	 50.155	 50.246	 50.226	 48.962	 49.919	 50.665	 49.629	 48.372	 48.963	 49.605	 50.019	 49.567	 50.027	 49.884	 48.615	 48.509	 48.837	 49.285	 49.139	 49.158	 48.072	 48.779	 48.067	 48.691	 49.111	 47.79	 48.362	 48.3	 48.243	 48.644	 48.006	 46.893	 46.65	 47.835	 46.531	 45.832	 46.576	 47.49	 48.65	 47.186	 46.518	 46.929	 45.696	 45.442	 45.453	 45.515	 46.639	 45.71	 45.943	 46.632

F6
36.376
51.017	 51.79	 50.874	 50.205	 51.925	 51.71	 51.705	 50.965	 52.558	 51.31	 51.347	 51.255	 51.054	 51.944	 50.869	 50.658	 50.302	 51.453	 49.377	 51.4	 50.078	 50.005	 50.108	 50.639	 50.415	 51.019	 49.375	 49.865	 51.129	 50.23	 49.124	 49.089	 50.125	 49.949	 49.911	 49.923	 49.152	 49.013	 48.826	 48.12	 48.815	 48.597	 49.289	 48.566	 48.255	 47.593	 49.097	 48.573	 47.547	 48.457	 47.287	 46.907	 47.743

G6

58.086	 56.399	 57.444	 57.145	 56.909	 56.76	 56.669	 57.316	 57.743	 56.724	 56.294	 57.057	 56.213	 56.836	 56.625	 57.052	 56.558	 56.213	 55.936	 56.761	 57.134	 55.676	 57.602	 55.256	 56.366	 56.204	 54.52	 56.047	 54.358	 55.201	 55.274	 55.399	 54.109	 53.739	 54.366	 54.096	 54.126	 53.15	 53.689	 54.059	 53.694	 52.373	 53.168	 52.998	 53.306	 53.147	 52.925	 51.687	 51.861	 51.831	 52.618	 51.337	 51.053

H6

55.71	 54.802	 54.457	 54.914	 54.867	 55.716	 54.574	 54.803	 54.662	 55.019	 54.878	 54.54	 55.189	 56.297	 55.136	 55.721	 54.487	 55.276	 54.083	 53.96	 53.635	 55.127	 54.677	 55.741	 54.758	 53.605	 53.554	 53.014	 53.851	 54.185	 53.852	 54.063	 53.705	 53.618	 53.032	 53.598	 54.417	 52.993	 53.371	 53.183	 52.903	 52.542	 52.066	 52.913	 52.695	 52.095	 51.597	 52.076	 52.371	 51.969	 52.082	 51.243	 51.586

A7
826.612	 827.659	 829.414	 822.498	 826.398	 829.316	 830.019	 824.935	 829.104	 821.822	 825.956	 829.565	 824.676
898.877	 904.44	 915.014	 914.959	 920.009	 921.174	 930.712	 929.876	 925.489	 931.805	 932.323	 926.074	 921.701	 921.389	 905.007	 902.283	 894.432	 884.242	 868.038	 858.477	 854.626	 844.924	 825.763	 820.337	 810.191	 799.782	 792.454	 782.294	 776.907	 763.008	 755.557	 759.567	 751.353	 748.179	 734.621	 730.733	 730.458	 730.622	 725.503	 711.003	 718.086	 710.242	 715.049	 715.46	 708.795	 704.37	 710.847	 700.925	 710.475	 697.594	 701.649	 697.542

B7
1071.074	 1065.543	 1064.193	 1063.265	 1064.51	 1059.486	 1068.135	 1067.394	 1068.027	 1064.209	 1051.379	 1065.044	 1063.029
1167.758	 1181.195	 1179.368	 1185.055	 1205.217	 1202.2	 1205.866	 1212.392	 1219.703	 1222.564	 1208.388	 1207.144	 1207.425	 1199.763	 1188.605	 1177.691	 1168.454	 1161.124	 1140.058	 1136.56	 1123.305	 1099.909	 1074.849	 1069.385	 1060.305	 1035.95	 1025.828	 1001.886	 997.548	 978.782	 971.636	 956.637	 945.464	 946.654	 930.497	 925.595	 913.349	 901.527	 903.511	 894.757	 888.017	 885.702	 892.398	 881.917	 886.603	 872.122	 883.603	 883.414	 879.368	 872.49	 869.512	 874.496

C7
1521.454	 1514.059	 1518.002	 1516.007	 1517.337	 1514.071	 1524.414	 1523.591	 1522.158	 1518.875	 1521.264	 1509.925	 1516.366
1644.76	 1665.763	 1681.351	 1699.686	 1724.261	 1711.405	 1731.942	 1735.083	 1734.415	 1739.866	 1749.007	 1738.147	 1748.977	 1738.192	 1721.861	 1727.683	 1714.047	 1695.714	 1686.779	 1673.008	 1658.605	 1644.962	 1615.313	 1605.485	 1597.641	 1581.242	 1566.794	 1542.54	 1534.505	 1519.603	 1503.148	 1492.363	 1476.139	 1477.389	 1466.304	 1454.4	 1444.795	 1432.933	 1435.237	 1424.699	 1425.995	 1413.464	 1411.162	 1399.977	 1409.86	 1405.666	 1407.254	 1409.527	 1402.816	 1408.385	 1409.681	 1401.524

D7
1547.693	 1545.129	 1546.457	 1548.125	 1546.202	 1548.161	 1537.072	 1536.743	 1542.138	 1543.408	 1537.636	 1532.824	 1540.876
1688.962	 1700.038	 1717.948	 1726.798	 1734.957	 1742.07	 1761.61	 1774.216	 1762.309	 1782.354	 1781.185	 1776.29	 1780.749	 1789.157	 1757.103	 1765.471	 1763.123	 1763.132	 1729.971	 1730.855	 1718.118	 1708.738	 1698.233	 1682.975	 1677.755	 1656.336	 1637.001	 1624.052	 1619.729	 1611.184	 1604.544	 1603.657	 1576.433	 1586.284	 1572.44	 1566.633	 1564.845	 1565.222	 1552.447	 1550.924	 1544.733	 1550.801	 1545.751	 1542.743	 1543.506	 1549.03	 1546.36	 1550.533	 1541.078	 1544.437	 1541.026	 1543.01

E7
33.523	 33.738
47.661	 47.454	 47.957	 47.825	 47.64	 48.968	 46.533	 47.48	 46.977	 46.833	 47.473	 47.34	 47.42	 46.878	 47.068	 46.653	 47.603	 46.621	 47.259	 46.68	 46.525	 45.97	 47.05	 46.016	 47.442	 46.044	 46.643	 45.495	 46.988	 46.154	 44.903	 45.829	 46.489	 45.561	 45.695	 45.73	 44.999	 45.596	 46.096	 45.294	 45.638	 46.073	 45.469	 45.7	 46.162	 45.22	 45.326	 45.295	 44.817	 45.363	 44.207	 44.375	 44.468

F7
34.746
51.175	 50.26	 49.566	 49.898	 49.573	 52.393	 50.948	 50.805	 51.278	 51.68	 50.14	 50.688	 50.398	 50.962	 51.057	 50.19	 50.505	 50.559	 50.082	 48.451	 49.742	 49.739	 49.725	 49.617	 49.041	 49.534	 49.004	 48.302	 49.762	 50.534	 49.388	 48.623	 49.907	 48.782	 49.178	 49.066	 48.019	 48.755	 49.755	 48.999	 47.674	 49.554	 48.748	 48.064	 48.772	 48.505	 47.019	 46.748	 48.721	 48.411	 46.706	 47.952	 47.5

G7

50.474	 49.813	 49.317	 50.077	 49.881	 49.797	 49.733	 49.995	 49.09	 49.432	 50.197	 50.29	 49.041	 48.981	 48.909	 49.344	 49.84	 48.869	 48.785	 48.26	 48.465	 48.621	 48.895	 47.878	 47.881	 47.938	 47.965	 48.462	 48.52	 47.97	 47.181	 48.655	 46.723	 47.931	 47.425	 47.118	 47.513	 47.211	 47.322	 47.618	 47.08	 47.547	 46.741	 46.598	 46.393	 47.027	 46.027	 46.367	 47.037	 46.066	 45.056	 46.37	 46.41

H7

57.348	 57.334	 57.106	 56.576	 56.975	 57.224	 57.062	 57.523	 57.507	 56.976	 55.8	 56.468	 56.146	 55.313	 56.635	 55.302	 55.164	 55.556	 54.955	 56.34	 56.446	 55.681	 55.929	 55.859	 55.677	 55.352	 55.189	 54.627	 54.845	 54.801	 54.88	 53.662	 53.564	 54.166	 54.475	 53.92	 53.386	 53.116	 54.213	 52.767	 53.72	 51.975	 51.884	 53.852	 52.61	 53.093	 52.873	 51.421	 52.88	 53.596	 52.627	 51.916	 51.409

A8
912.896	 913.632	 909.943	 916.862	 915.866	 909.552	 911.431	 912.427	 917.382	 918.607	 905.191	 923.423	 914.041
1009.098	 1023.206	 1030.435	 1029.192	 1045.466	 1045.305	 1050.856	 1051.564	 1054.73	 1054.932	 1046.641	 1045.592	 1039.88	 1035.586	 1020.729	 1017.307	 1007.262	 999.142	 985.136	 977.135	 956.423	 949.717	 937.155	 934.4	 918.226	 905.946	 899.232	 885.6	 879.87	 876.1	 861.805	 858.352	 860.451	 849.998	 843.821	 834.921	 832.878	 830.678	 827.502	 819.112	 825.566	 823.93	 821.6	 818.445	 820.527	 816.876	 819.594	 812.534	 815.441	 822.445	 809.069	 811.91

B8
1085.34	 1081.154	 1084.034	 1086.335	 1084.972	 1087.524	 1088.936	 1083.218	 1089.748	 1080.785	 1089.947	 1088.577	 1090.406
1196.405	 1220.86	 1227.763	 1234.586	 1247.307	 1269.991	 1267.751	 1264.655	 1285.031	 1288.567	 1278.967	 1283.102	 1289.121	 1280.336	 1274.714	 1261.354	 1263.452	 1246.824	 1235.235	 1232.431	 1209.228	 1203.841	 1177.603	 1173.273	 1152.355	 1145.52	 1125.761	 1119.62	 1103.603	 1099.103	 1074.79	 1074.001	 1055.948	 1050.646	 1047.951	 1044.714	 1033.018	 1032.347	 1026.96	 1011.578	 1011.44	 1014.222	 1010.842	 1009.804	 1011.192	 1006.651	 1002.788	 1004.899	 1004.592	 1002.62	 1005.379	 998.781

C8
1593.894	 1584.007	 1585.411	 1586.122	 1587.656	 1590.757	 1584.79	 1587.287	 1580.828	 1583.657	 1585.103	 1575.75	 1584.448
1699.783	 1722.208	 1738.497	 1753.347	 1757.798	 1774.417	 1789.755	 1797.904	 1805.172	 1830.166	 1809.619	 1812.238	 1836.302	 1836.302	 1841.511	 1819.718	 1820.916	 1800.787	 1803.272	 1794.51	 1787.447	 1774.671	 1745.598	 1751.611	 1729.295	 1719.34	 1711.834	 1696.761	 1683.116	 1670.156	 1649.92	 1652.649	 1631.473	 1627.79	 1613.571	 1604.846	 1602.343	 1590.811	 1591.324	 1582.308	 1581.329	 1582.242	 1560.325	 1581.468	 1575.283	 1566.011	 1570.167	 1560.265	 1562.842	 1559.941	 1556.409	 1554.61

D8
1611.334	 1613.114	 1624.034	 1613.529	 1623.344	 1621.686	 1615.295	 1609.349	 1620.743	 1620.211	 1621.883	 1617.525	 1620.884
1802.751	 1818.824	 1850.713	 1871.748	 1880.919	 1905.079	 1898.259	 1929.807	 1932.172	 1942.488	 1935.657	 1934.465	 1946.991	 1936.587	 1944.739	 1942.836	 1923.734	 1926.942	 1920.518	 1915.112	 1909.371	 1892.63	 1889.799	 1883.931	 1880.195	 1877.057	 1864.017	 1866.413	 1859.041	 1857.313	 1851.385	 1848.541	 1854.381	 1847.0	 1839.885	 1846.366	 1842.137	 1847.19	 1841.575	 1829.502	 1856.099	 1849.495	 1853.47	 1834.666	 1837.51	 1841.581	 1840.712	 1856.083	 1845.595	 1845.311	 1861.22	 1864.884	 1854.948

E8
33.857	 34.001	 33.484
51.284	 49.953	 51.983	 52.617	 51.648	 51.393	 50.565	 51.972	 52.093	 50.813	 51.224	 50.596	 51.116	 50.708	 50.853	 51.189	 50.088	 50.726	 50.09	 49.649	 49.093	 50.695	 49.973	 50.089	 49.574	 51.051	 50.153	 49.714	 49.953	 48.728	 48.937	 49.103	 48.054	 49.059	 49.596	 49.606	 49.114	 49.275	 48.512	 48.513	 48.634	 48.988	 48.374	 47.886	 48.427	 48.444	 47.366	 47.337	 47.55	 47.869	 47.867	 47.776	 47.708

F8
35.9
51.159	 51.976	 51.777	 52.743	 50.647	 51.678	 52.412	 52.159	 51.714	 51.379	 51.688	 51.775	 50.516	 52.421	 51.892	 51.727	 51.896	 51.787	 50.269	 50.48	 50.452	 51.447	 50.58	 50.283	 49.742	 50.096	 51.318	 50.537	 50.234	 49.885	 50.021	 49.887	 49.411	 49.492	 49.11	 50.602	 49.182	 49.583	 49.786	 49.054	 49.21	 49.293	 49.168	 49.262	 48.861	 48.196	 49.173	 49.348	 48.883	 49.452	 48.673	 48.603	 48.398

G8

56.51	 56.417	 57.077	 58.144	 57.116	 57.708	 56.478	 57.725	 57.204	 57.114	 56.585	 57.526	 58.089	 57.037	 57.135	 56.614	 56.4	 56.059	 54.949	 56.392	 55.663	 56.305	 55.56	 54.624	 55.532	 54.163	 56.108	 56.436	 54.216	 55.008	 54.388	 55.449	 54.924	 54.777	 54.745	 55.778	 55.172	 54.056	 54.238	 53.238	 52.602	 52.879	 53.318	 52.53	 53.414	 53.443	 53.694	 52.516	 53.413	 52.965	 52.103	 52.914	 52.813

H8

56.8	 55.145	 56.203	 56.917	 55.814	 56.986	 55.759	 56.589	 56.847	 55.929	 56.39	 57.119	 55.569	 56.421	 55.641	 56.087	 55.476	 55.434	 56.174	 55.931	 55.828	 55.476	 55.38	 55.106	 55.219	 54.345	 55.253	 54.73	 54.629	 54.522	 55.152	 53.756	 54.033	 53.632	 52.698	 53.081	 52.487	 52.044	 53.609	 53.563	 53.808	 53.465	 52.951	 53.448	 51.817	 52.847	 52.002	 52.24	 51.902	 51.08	 51.437	 52.326	 51.348

A9
549.857	 545.287	 551.258	 549.159	 544.592	 544.471	 543.59	 546.84	 545.756	 550.867	 550.981	 549.477	 545.684
655.633	 659.265	 667.37	 667.976	 673.355	 678.105	 681.585	 693.595	 694.101	 693.533	 702.046	 703.196	 706.42	 707.536	 704.563	 702.096	 701.144	 710.357	 707.542	 704.59	 699.372	 701.641	 699.329	 707.395	 703.719	 697.388	 695.56	 698.444	 700.503	 696.448	 703.375	 695.789	 689.346	 696.106	 699.953	 694.489	 699.885	 698.687	 702.184	 694.435	 700.736	 692.644	 694.792	 691.206	 703.698	 696.257	 701.567	 701.67	 701.238	 697.031	 698.654	 700.623

B9
671.926	 671.114	 663.638	 666.321	 668.26	 667.237	 666.553	 666.47	 667.788	 662.329	 667.681	 668.976	 660.743
741.573	 748.815	 755.901	 760.209	 775.253	 776.821	 788.422	 788.614	 791.213	 801.562	 799.831	 809.406	 807.267	 812.859	 817.081	 818.832	 824.604	 823.903	 821.311	 823.595	 822.374	 817.285	 821.854	 817.247	 815.326	 812.762	 808.789	 808.99	 813.532	 809.33	 801.738	 803.773	 806.936	 801.295	 803.292	 800.765	 806.427	 806.14	 803.716	 800.654	 797.992	 805.435	 798.667	 804.125	 793.193	 803.148	 799.714	 809.5	 799.561	 804.445	 805.636	 800.001

C9
1033.837	 1023.738	 1026.719	 1026.305	 1031.257	 1023.711	 1034.16	 1022.8	 1026.06	 1020.794	 1035.17	 1025.299	 1026.524
1073.998	 1072.733	 1086.188	 1098.287	 1102.706	 1110.731	 1109.293	 1137.673	 1133.615	 1137.765	 1153.387	 1166.443	 1163.99	 1165.629	 1169.393	 1179.47	 1176.744	 1190.055	 1185.121	 1192.847	 1189.292	 1195.615	 1186.94	 1194.164	 1179.223	 1175.91	 1181.077	 1186.918	 1174.788	 1176.035	 1179.776	 1176.552	 1173.698	 1171.117	 1172.293	 1173.211	 1170.236	 1173.381	 1171.622	 1163.781	 1165.898	 1159.691	 1170.959	 1168.944	 1170.54	 1171.053	 1185.86	 1176.035	 1171.406	 1184.223	 1178.356	 1179.222

D9
1058.146	 1062.717	 1059.691	 1053.403	 1050.248	 1060.631	 1059.376	 1054.358	 1061.212	 1052.432	 1053.065	 1056.13	 1056.107
1188.103	 1195.504	 1212.557	 1218.575	 1230.529	 1243.334	 1254.684	 1257.406	 1283.481	 1290.372	 1288.564	 1293.645	 1300.373	 1307.751	 1307.739	 1316.913	 1308.063	 1325.459	 1318.922	 1318.329	 1324.695	 1322.945	 1327.491	 1327.581	 1329.032	 1333.575	 1339.518	 1332.265	 1334.298	 1334.568	 1332.91	 1339.104	 1348.665	 1343.15	 1346.98	 1359.329	 1347.278	 1358.833	 1348.584	 1361.566	 1369.276	 1367.893	 1359.597	 1372.819	 1364.417	 1371.193	 1375.023	 1375.828	 1372.867	 1375.491	 1381.443	 1377.695	 1386.307

E9
28.532	 29.242	 29.321
44.15	 44.998	 43.716	 44.063	 43.799	 44.087	 43.093	 43.414	 43.647	 43.97	 43.277	 43.233	 42.764	 42.723	 43.913	 43.145	 41.918	 44.087	 41.625	 43.053	 41.89	 42.579	 41.379	 43.68	 42.674	 42.205	 42.263	 41.942	 42.059	 41.517	 42.107	 41.604	 41.28	 41.556	 40.964	 41.325	 41.311	 41.273	 40.401	 41.295	 41.282	 41.295	 41.03	 40.444	 40.255	 40.786	 40.77	 40.871	 40.21	 40.575	 39.236	 40.737	 40.785

F9
31.3
46.289	 46.974	 46.085	 45.995	 47.424	 47.771	 46.914	 46.229	 46.981	 46.711	 47.046	 45.762	 46.098	 46.293	 47.374	 47.143	 47.215	 46.332	 46.261	 46.304	 46.621	 45.708	 45.736	 46.255	 45.689	 45.155	 45.772	 45.718	 46.011	 45.747	 45.963	 46.113	 44.604	 45.504	 45.596	 43.868	 46.076	 44.626	 44.398	 43.927	 45.029	 45.183	 43.939	 43.9	 44.792	 45.245	 44.154	 43.898	 43.646	 43.374	 43.593	 44.366	 44.668

G9

50.663	 50.352	 51.106	 49.928	 49.375	 50.684	 49.69	 51.286	 50.053	 50.833	 50.955	 50.091	 51.33	 51.255	 51.818	 51.269	 51.108	 51.033	 49.857	 51.15	 50.264	 51.343	 51.023	 50.328	 50.224	 50.767	 49.179	 51.215	 49.974	 50.381	 50.163	 50.434	 50.369	 50.984	 50.522	 48.349	 50.735	 50.62	 49.918	 48.164	 49.566	 49.703	 50.02	 48.893	 50.222	 48.887	 49.69	 48.862	 49.777	 49.058	 48.449	 48.788	 48.298

H9

53.783	 52.058	 52.88	 51.83	 51.557	 51.678	 52.084	 52.433	 51.608	 51.27	 50.31	 50.766	 50.782	 51.478	 50.19	 49.927	 49.809	 50.282	 49.885	 49.767	 48.805	 48.67	 49.242	 48.727	 47.87	 48.492	 48.197	 47.852	 47.076	 47.766	 47.767	 47.45	 47.009	 47.839	 45.832	 46.399	 46.988	 47.101	 46.031	 45.848	 45.552	 45.315	 45.42	 45.849	 45.166	 45.226	 45.199	 45.487	 44.462	 43.886	 44.19	 44.238	 44.2

A10
572.38	 571.646	 571.719	 572.447	 574.337	 574.632	 572.01	 571.161	 571.047	 571.688	 568.122	 570.906	 571.541
662.173	 670.209	 668.969	 682.783	 684.905	 692.647	 696.432	 707.392	 704.736	 705.063	 707.47	 712.056	 717.281	 717.849	 720.863	 718.135	 716.403	 714.757	 715.334	 719.702	 723.897	 718.599	 723.558	 722.189	 720.753	 718.359	 709.906	 710.002	 719.885	 712.665	 720.029	 711.62	 716.543	 720.924	 712.904	 716.972	 716.754	 718.807	 716.932	 716.577	 716.754	 717.656	 716.784	 716.734	 711.635	 718.736	 713.367	 717.04	 723.805	 714.051	 724.576	 722.268

B10
694.69	 693.517	 684.043	 685.875	 688.522	 687.963	 691.187	 696.735	 694.803	 692.99	 684.594	 691.849	 700.093
790.187	 795.059	 802.386	 808.893	 816.444	 821.021	 832.232	 840.821	 841.435	 845.235	 852.578	 861.486	 854.163	 866.44	 867.64	 864.786	 865.49	 870.619	 872.964	 869.127	 868.171	 867.582	 874.485	 877.039	 865.927	 868.578	 877.206	 867.437	 871.025	 874.181	 874.979	 872.272	 870.516	 873.722	 874.723	 877.641	 872.095	 877.466	 881.462	 865.039	 869.202	 869.982	 875.328	 879.748	 867.077	 873.044	 880.375	 883.426	 879.586	 877.163	 886.524	 871.356

C10
933.322	 928.982	 932.979	 940.019	 930.847	 934.923	 935.908	 941.932	 925.892	 927.711	 936.35	 933.004	 938.947
1032.107	 1037.456	 1055.902	 1064.693	 1071.283	 1090.898	 1091.958	 1101.769	 1109.649	 1116.567	 1122.661	 1129.378	 1146.383	 1142.031	 1145.887	 1151.064	 1150.375	 1150.512	 1156.296	 1157.219	 1159.686	 1158.368	 1151.392	 1164.443	 1153.369	 1158.412	 1156.208	 1151.975	 1165.574	 1148.748	 1152.146	 1147.318	 1157.974	 1153.672	 1156.568	 1158.328	 1163.288	 1161.767	 1152.479	 1161.86	 1159.221	 1165.832	 1164.159	 1165.032	 1171.21	 1171.639	 1178.072	 1176.416	 1180.39	 1174.824	 1181.408	 1180.009	 1179.486

D10
1020.948	 1021.236	 1005.751	 1014.435	 1004.183	 1015.187	 1011.16	 1017.878	 1015.985	 1011.431	 1009.152	 1015.355	 1012.605	 1004.1
1125.835	 1146.049	 1159.429	 1157.083	 1182.394	 1188.746	 1199.871	 1206.877	 1228.287	 1227.553	 1234.608	 1243.31	 1249.054	 1257.091	 1258.381	 1269.124	 1264.68	 1276.828	 1270.785	 1263.228	 1281.188	 1278.16	 1284.23	 1285.158	 1292.546	 1285.44	 1279.769	 1292.493	 1294.289	 1291.68	 1293.707	 1293.519	 1302.45	 1294.293	 1306.368	 1311.276	 1310.831	 1304.39	 1304.016	 1317.26	 1313.279	 1315.892	 1313.16	 1320.076	 1324.464	 1319.085	 1324.54	 1327.191	 1334.21	 1334.399	 1333.495	 1336.016	 1342.895

E10
28.048	 27.96	 27.771
42.094	 41.923	 41.734	 41.895	 42.28	 42.349	 42.289	 41.353	 41.018	 41.461	 42.297	 41.582	 42.448	 42.211	 41.044	 41.614	 40.954	 41.546	 41.208	 42.139	 40.454	 41.598	 40.843	 42.02	 40.958	 40.812	 41.275	 41.064	 41.116	 40.96	 41.315	 41.961	 40.689	 40.709	 40.81	 41.022	 40.541	 41.332	 42.333	 40.847	 40.436	 41.058	 39.954	 40.409	 39.714	 39.866	 39.181	 41.074	 39.412	 40.156	 40.269	 40.494	 39.727

F10
29.942
48.124	 48.196	 48.613	 48.77	 47.047	 47.751	 47.837	 48.244	 47.71	 47.59	 47.424	 47.181	 47.772	 48.024	 47.165	 46.875	 46.805	 46.218	 46.501	 46.358	 46.265	 46.924	 47.097	 45.955	 46.361	 46.402	 45.563	 46.62	 44.825	 46.14	 45.693	 45.857	 45.472	 46.485	 45.169	 45.077	 45.04	 44.734	 45.115	 45.402	 44.87	 44.655	 45.341	 44.084	 43.664	 44.171	 44.077	 44.705	 45.157	 44.136	 43.896	 43.799	 43.815

G10

49.638	 48.262	 48.671	 50.335	 49.606	 48.793	 48.976	 48.858	 48.764	 49.633	 47.754	 47.726	 48.714	 49.119	 47.856	 47.179	 48.215	 48.465	 47.801	 48.502	 48.59	 47.478	 47.586	 47.344	 46.801	 48.002	 47.798	 47.927	 48.233	 47.602	 48.367	 46.258	 45.801	 46.949	 47.236	 46.994	 46.519	 45.266	 45.705	 44.844	 44.943	 45.926	 45.868	 44.935	 45.879	 45.003	 44.904	 44.593	 45.181	 44.281	 44.614	 45.274	 44.845

H10

55.165	 53.588	 54.917	 54.682	 55.205	 54.305	 55.784	 53.744	 54.342	 52.491	 53.799	 54.363	 53.561	 54.055	 53.0	 53.544	 54.142	 54.444	 54.51	 53.955	 54.204	 53.232	 52.16	 53.345	 52.707	 53.329	 53.028	 52.443	 52.826	 51.566	 50.694	 51.444	 52.602	 51.107	 50.285	 51.046	 51.561	 49.909	 50.616	 49.415	 50.579	 49.614	 50.492	 49.285	 50.46	 49.809	 49.795	 48.8	 48.941	 49.043	 49.725	 49.529

A11
609.455	 610.067	 609.603	 604.869	 605.146	 609.462	 605.956	 606.861	 604.52	 611.688	 607.462	 608.741	 608.059
705.545	 709.447	 713.29	 726.601	 731.513	 731.797	 742.52	 738.469	 746.855	 751.987	 751.49	 758.853	 758.044	 757.041	 768.169	 760.886	 768.29	 770.529	 777.164	 774.312	 777.011	 771.859	 776.365	 774.167	 780.564	 780.023	 775.953	 781.542	 775.969	 787.942	 784.429	 784.172	 780.738	 783.936	 783.272	 785.533	 787.042	 789.045	 782.323	 788.726	 794.026	 792.318	 793.286	 796.888	 798.582	 794.809	 795.351	 798.292	 803.492	 804.21	 798.891	 803.698

B11
707.454	 713.62	 715.192	 711.206	 711.797	 712.472	 710.032	 711.821	 710.562	 706.025	 712.265	 706.944	 709.738
798.972	 798.133	 811.373	 817.032	 833.783	 832.221	 842.068	 850.605	 850.623	 864.164	 866.518	 872.374	 866.552	 872.177	 871.749	 879.887	 882.375	 884.049	 886.959	 888.952	 886.534	 890.284	 892.147	 889.567	 895.935	 896.89	 893.44	 890.229	 897.101	 887.815	 899.366	 892.756	 889.836	 898.747	 892.527	 890.451	 897.093	 895.112	 901.064	 896.426	 892.953	 894.943	 902.303	 898.61	 893.611	 896.281	 901.193	 900.092	 904.653	 898.255	 897.241	 892.115

C11
1014.035	 1015.685	 1010.596	 1011.845	 1009.491	 1009.153	 1015.125	 1015.686	 1014.655	 1006.363	 1012.448	 1010.18	 1010.125
1111.507	 1128.077	 1136.568	 1143.943	 1163.334	 1172.321	 1176.852	 1192.571	 1196.329	 1205.965	 1209.571	 1220.175	 1220.095	 1230.622	 1235.788	 1226.59	 1246.62	 1240.718	 1236.982	 1246.587	 1242.073	 1253.161	 1252.506	 1242.002	 1254.174	 1241.97	 1250.658	 1251.766	 1252.798	 1264.27	 1251.619	 1251.058	 1267.352	 1253.969	 1261.065	 1262.652	 1266.939	 1276.619	 1261.764	 1271.209	 1262.865	 1270.8	 1266.286	 1270.39	 1284.416	 1270.783	 1284.785	 1278.406	 1279.442	 1269.213	 1278.004	 1278.933

D11
1073.398	 1076.353	 1074.157	 1074.405	 1073.164	 1076.899	 1065.457	 1073.042	 1069.737	 1071.317	 1062.178	 1069.471	 1075.167
1161.82	 1178.72	 1194.433	 1209.402	 1220.871	 1233.004	 1240.772	 1257.022	 1254.023	 1278.621	 1283.439	 1286.505	 1295.33	 1304.262	 1311.179	 1314.226	 1313.533	 1316.21	 1313.858	 1310.24	 1318.89	 1323.283	 1325.849	 1324.274	 1320.725	 1321.047	 1331.057	 1331.722	 1322.902	 1339.973	 1338.894	 1341.74	 1335.767	 1333.486	 1331.261	 1342.503	 1337.175	 1349.528	 1339.591	 1347.262	 1347.924	 1355.824	 1364.961	 1356.915	 1352.919	 1361.743	 1365.674	 1355.946	 1365.201	 1370.856	 1368.821	 1369.128	 1369.845

E11
29.809	 29.961
44.945	 46.224	 46.501	 45.673	 44.711	 44.806	 45.342	 45.39	 44.559	 45.78	 45.842	 45.136	 45.559	 45.846	 45.122	 44.929	 44.076	 45.636	 43.55	 43.66	 44.55	 44.241	 44.593	 44.286	 43.412	 44.753	 43.143	 43.665	 43.171	 44.222	 44.189	 43.13	 43.533	 43.222	 43.418	 43.496	 43.073	 42.389	 43.48	 43.027	 43.152	 42.725	 42.771	 41.981	 42.072	 41.975	 42.51	 42.994	 41.567	 41.384	 42.009	 41.534	 41.449

F11
30.404
48.315	 46.373	 47.947	 48.02	 48.605	 48.519	 48.047	 47.856	 47.09	 47.474	 48.541	 48.151	 49.036	 47.279	 47.578	 47.507	 47.052	 47.536	 47.474	 47.625	 47.204	 46.832	 46.789	 47.452	 47.015	 46.906	 46.557	 47.05	 46.169	 45.374	 45.345	 45.889	 46.953	 45.548	 45.736	 45.406	 45.891	 45.773	 46.445	 45.7	 46.124	 45.603	 44.723	 45.355	 43.753	 44.535	 44.701	 44.78	 44.005	 44.931	 44.532	 43.016	 43.617

G11

48.875	 49.198	 49.335	 48.544	 48.938	 49.296	 49.67	 49.27	 47.936	 48.615	 48.962	 48.153	 48.835	 48.823	 48.413	 48.9	 49.443	 47.801	 47.76	 48.745	 47.816	 48.132	 48.358	 48.471	 48.135	 48.673	 47.521	 48.657	 47.805	 48.183	 47.852	 47.718	 46.742	 48.17	 47.396	 47.481	 47.183	 47.721	 47.183	 46.989	 46.623	 46.334	 46.402	 46.313	 46.049	 47.267	 47.505	 47.153	 47.134	 46.654	 45.379	 46.17	 46.433

H11

49.764	 49.03	 49.658	 50.433	 49.292	 50.719	 50.209	 48.411	 49.906	 49.687	 49.89	 49.264	 49.539	 49.346	 49.229	 48.858	 49.187	 49.15	 50.09	 49.062	 49.66	 48.936	 48.675	 49.076	 48.451	 48.37	 47.711	 48.978	 48.284	 47.535	 48.268	 48.007	 47.61	 47.829	 48.589	 48.084	 47.987	 47.439	 47.322	 47.79	 46.595	 47.269	 46.495	 47.147	 47.482	 46.979	 47.04	 47.205	 46.998	 46.145	 46.155	 46.422	 46.002

A12
486.972	 489.244	 488.397	 488.643	 486.704	 490.841	 488.872	 485.942	 490.954	 489.053	 492.255	 484.599	 488.017
569.989	 575.913	 578.868	 586.059	 588.36	 595.097	 598.408	 600.136	 605.061	 603.959	 608.252	 611.101	 607.361	 610.883	 607.916	 611.926	 614.279	 613.727	 620.997	 615.626	 619.445	 615.996	 616.888	 622.1	 611.714	 622.036	 619.899	 619.646	 620.851	 616.086	 616.802	 618.75	 614.242	 618.551	 614.712	 621.778	 623.734	 619.054	 621.208	 624.276	 623.035	 616.122	 628.685	 626.434	 624.012	 622.261	 622.909	 625.054	 630.325	 626.938	 630.094	 633.414

B12
543.459	 546.524	 546.7	 551.571	 544.215	 547.865	 549.1	 549.522	 544.773	 549.802	 546.209	 550.723	 543.734
634.455	 640.467	 642.297	 650.252	 658.967	 665.846	 667.453	 670.107	 674.639	 678.224	 679.464	 682.802	 684.686	 688.936	 686.177	 687.868	 687.813	 688.709	 697.183	 689.285	 696.93	 699.323	 699.838	 699.293	 700.758	 698.208	 694.68	 704.163	 700.014	 700.009	 701.252	 704.017	 703.73	 698.941	 700.562	 703.351	 707.551	 694.774	 703.033	 708.462	 706.626	 713.298	 708.605	 708.743	 710.297	 710.888	 701.659	 713.252	 714.714	 713.146	 706.449	 712.868

C12
1101.175	 1097.148	 1100.246	 1094.772	 1094.73	 1091.329	 1089.88	 1089.936	 1094.89	 1085.925	 1090.474	 1071.792	 1087.562
1200.884	 1192.294	 1208.32	 1224.993	 1241.048	 1250.077	 1254.46	 1269.751	 1266.098	 1289.499	 1288.643	 1298.433	 1315.085	 1310.272	 1328.874	 1327.898	 1325.642	 1330.074	 1332.287	 1339.26	 1348.412	 1340.151	 1340.578	 1343.512	 1348.428	 1340.176	 1367.456	 1351.401	 1357.671	 1346.043	 1361.749	 1358.697	 1363.427	 1368.751	 1367.206	 1374.172	 1372.596	 1359.933	 1366.529	 1383.919	 1376.308	 1378.583	 1393.526	 1380.509	 1391.954	 1401.758	 1392.14	 1391.334	 1398.267	 1405.416	 1404.587	 1404.644

D12
1035.143	 1046.054	 1040.15	 1041.989	 1033.639	 1034.752	 1037.748	 1034.827	 1034.724	 1031.148	 1038.473	 1038.771	 1036.774
1154.66	 1160.222	 1165.363	 1189.855	 1202.675	 1213.217	 1222.548	 1235.679	 1238.955	 1246.995	 1251.743	 1258.005	 1268.641	 1269.601	 1275.339	 1273.852	 1281.333	 1282.724	 1281.611	 1288.72	 1279.51	 1284.44	 1297.727	 1305.857	 1306.041	 1304.659	 1305.068	 1305.969	 1305.18	 1312.898	 1318.115	 1310.292	 1312.241	 1320.843	 1316.726	 1323.427	 1326.295	 1326.635	 1329.367	 1337.316	 1335.685	 1335.573	 1334.209	 1339.543	 1350.569	 1350.621	 1337.128	 1346.567	 1356.142	 1354.916	 1363.808	 1361.239

E12
29.768	 29.711
44.211	 43.922	 44.772	 43.521	 44.057	 43.819	 43.805	 43.231	 44.039	 44.602	 43.715	 43.959	 43.265	 43.427	 43.452	 42.563	 42.286	 42.813	 43.001	 43.172	 44.112	 42.58	 42.739	 42.506	 42.534	 42.689	 41.7	 41.912	 41.453	 42.541	 42.488	 42.753	 41.588	 41.957	 41.689	 42.284	 41.939	 41.532	 41.563	 40.594	 40.811	 40.66	 40.985	 40.726	 41.154	 40.642	 40.47	 40.939	 40.532	 40.423	 40.267	 39.664	 40.221

F12
30.875
45.909	 46.562	 47.225	 45.746	 44.91	 45.755	 45.257	 45.102	 45.495	 45.084	 45.614	 44.779	 45.773	 44.956	 44.199	 44.778	 45.092	 44.559	 45.004	 44.957	 44.955	 43.552	 44.429	 45.004	 44.826	 44.149	 44.367	 44.687	 45.712	 43.944	 44.373	 44.352	 44.85	 43.946	 43.809	 44.553	 43.706	 44.821	 44.041	 43.852	 43.955	 43.681	 44.118	 43.878	 43.712	 42.955	 43.874	 43.706	 42.598	 42.841	 42.833	 41.907	 42.767

G12

44.656	 44.638	 44.873	 44.309	 43.194	 45.976	 44.835	 44.537	 44.377	 44.585	 44.369	 44.266	 44.092	 44.189	 44.317	 44.166	 43.248	 44.078	 43.58	 43.989	 43.836	 43.966	 43.71	 42.841	 43.109	 43.947	 42.668	 43.704	 43.379	 43.403	 43.416	 43.32	 44.481	 44.491	 43.343	 43.575	 43.967	 43.154	 43.473	 43.027	 43.658	 44.067	 43.265	 43.221	 43.011	 43.166	 43.674	 43.925	 42.01	 43.29	 42.859	 42.541	 42.728

H12

51.618	 51.536	 52.374	 50.609	 50.647	 50.939	 51.042	 51.156	 50.652	 50.446	 48.886	 50.785	 50.062	 49.419	 49.286	 49.961	 49.497	 50.112	 48.98	 49.46	 48.678	 49.804	 48.994	 49.181	 48.982	 49.001	 46.232	 48.062	 48.916	 47.599	 46.504	 47.483	 47.088	 47.389	 47.486	 47.589	 46.565	 46.696	 46.035	 46.71	 46.121	 46.175	 45.338	 46.437	 45.784	 46.687	 46.127	 45.557	 45.098	 43.993	 45.523	 46.086	 44.721

