Generation 20
Max fitness: 22
Genome of Most Fit Individual:[3, 1, 2, 2, 6, 2, 4, 4, 2, 2, 3, 0, 4, 0, 4, 3, 5, 0, 1, 4, 4, 2, 2, 3, 3, 3, 3, 6, 1, 2, 0, 2, 5, 0, 6, 1, 4, 0, 5, 3, 1, 6, 5, 0, 4, 2, 1, 2, 2, 4, 3, 2, 3, 0, 6, 4, 1, 3, 4, 3, 4, 4, 1, 4, 2, 0, 4, 0, 1, 1, 1, 4, 3, 6, 6, 6, 0, 6, 1, 6, 6, 6, 2, 6, 5, 1, 0, 1, 4, 6, 4, 2, 6, 6, 0, 6, 6, 1, 3, 3, 6, 1, 2, 4, 2, 5, 2, 2, 1, 0, 0, 2, 3, 6, 4, 4, 6, 6, 5, 1, 5, 3, 1, 6, 4, 6, 2, 0, 2, 1, 0, 6, 2, 6, 1, 2, 0, 4, 6, 1, 5, 2, 0, 6, 3, 1, 2, 3, 4, 5, 4, 5, 3, 6, 2, 4, 3, 4, 3, 1, 5, 5, 5, 6, 1, 1, 4, 6, 4, 5, 3, 5, 5, 2, 4, 1, 0, 2, 2, 0, 2, 4, 6, 1, 4, 4, 6, 1, 0, 2, 3, 2, 6, 4, 2, 4, 3, 6, 2, 0, 1, 2, 3, 4, 6, 6, 2, 0, 3, 2, 4, 6, 0, 6, 1, 3, 3, 2, 3, 3, 4, 0, 3, 6, 2, 5, 2, 3, 4, 3, 5, 2, 6, 2, 4, 5, 5, 0, 6, 0, 2, 0, 6]
Min fitness: -1045
Mean fitness: -117.22
Stdev of fitness: 190.189830433
Mean diversity: 98.6
=========================================

Generation 40
Max fitness: 157
Genome of Most Fit Individual:[5, 4, 5, 4, 5, 2, 1, 4, 0, 2, 1, 2, 1, 5, 3, 2, 3, 5, 1, 1, 4, 4, 1, 0, 1, 1, 4, 3, 0, 0, 2, 1, 1, 3, 4, 6, 3, 6, 6, 5, 1, 1, 5, 4, 2, 3, 4, 3, 3, 0, 1, 4, 4, 3, 5, 0, 2, 5, 1, 4, 0, 1, 3, 2, 5, 5, 4, 1, 6, 2, 5, 3, 4, 0, 6, 6, 6, 3, 5, 1, 0, 6, 1, 3, 3, 2, 6, 6, 4, 2, 0, 5, 6, 1, 6, 4, 5, 4, 6, 1, 4, 2, 4, 2, 3, 6, 0, 2, 1, 6, 1, 1, 1, 2, 3, 5, 6, 2, 5, 4, 3, 6, 3, 1, 5, 3, 2, 3, 0, 1, 5, 3, 4, 3, 6, 3, 4, 0, 5, 0, 2, 1, 5, 5, 2, 0, 6, 6, 6, 6, 4, 1, 3, 2, 2, 3, 3, 2, 1, 5, 6, 4, 3, 1, 6, 2, 4, 3, 4, 5, 4, 1, 2, 4, 5, 4, 0, 5, 1, 0, 4, 5, 2, 2, 5, 4, 3, 6, 2, 0, 1, 5, 3, 1, 3, 3, 3, 5, 2, 1, 1, 0, 4, 4, 4, 5, 3, 6, 0, 2, 4, 1, 5, 4, 4, 5, 1, 2, 1, 2, 5, 3, 4, 2, 2, 4, 0, 4, 5, 6, 5, 2, 6, 6, 4, 1, 5, 4, 4, 0, 3, 6, 6]
Min fitness: -538
Mean fitness: -43.94
Stdev of fitness: 115.065096359
Mean diversity: 83.6
=========================================

Generation 60
Max fitness: 228
Genome of Most Fit Individual:[5, 0, 2, 4, 4, 4, 1, 1, 0, 6, 1, 2, 0, 5, 0, 2, 5, 5, 1, 1, 4, 5, 5, 1, 1, 1, 4, 3, 0, 0, 4, 1, 1, 1, 6, 6, 0, 2, 2, 0, 1, 0, 0, 4, 5, 6, 4, 3, 4, 2, 3, 6, 6, 6, 5, 4, 2, 6, 4, 6, 0, 6, 3, 2, 5, 5, 4, 1, 6, 2, 5, 3, 4, 6, 3, 6, 4, 0, 4, 5, 2, 6, 1, 3, 3, 2, 3, 4, 4, 6, 4, 6, 6, 5, 6, 3, 5, 2, 6, 1, 5, 2, 6, 4, 3, 6, 0, 3, 1, 0, 2, 1, 2, 6, 3, 5, 1, 1, 4, 4, 3, 3, 5, 0, 0, 5, 2, 3, 3, 1, 3, 4, 4, 6, 6, 3, 4, 5, 0, 6, 2, 1, 5, 5, 2, 1, 6, 6, 5, 5, 4, 0, 3, 6, 3, 0, 1, 2, 3, 5, 6, 4, 3, 3, 5, 6, 0, 1, 4, 4, 4, 6, 2, 1, 5, 5, 1, 2, 0, 0, 2, 2, 6, 1, 4, 6, 0, 0, 2, 2, 3, 6, 4, 0, 1, 0, 6, 6, 5, 0, 3, 1, 2, 1, 3, 1, 3, 1, 4, 3, 5, 5, 2, 4, 2, 3, 3, 0, 5, 1, 3, 3, 5, 2, 2, 6, 0, 3, 3, 0, 6, 0, 5, 5, 2, 2, 6, 3, 0, 5, 0, 0, 6]
Min fitness: -1089
Mean fitness: -6.74
Stdev of fitness: 272.470901933
Mean diversity: 97.4
=========================================

Generation 80
Max fitness: 277
Genome of Most Fit Individual:[5, 0, 2, 3, 4, 1, 1, 4, 0, 5, 3, 2, 1, 5, 5, 5, 6, 5, 1, 1, 4, 4, 6, 0, 2, 1, 4, 2, 2, 4, 2, 6, 5, 0, 1, 6, 0, 5, 2, 4, 1, 0, 4, 4, 2, 6, 5, 3, 5, 2, 4, 4, 6, 1, 3, 5, 2, 3, 4, 6, 0, 1, 1, 2, 3, 5, 1, 5, 4, 2, 6, 4, 4, 0, 3, 3, 3, 3, 5, 5, 6, 6, 1, 6, 3, 0, 6, 4, 1, 1, 2, 6, 2, 5, 6, 3, 5, 6, 6, 4, 3, 2, 6, 2, 3, 6, 1, 3, 0, 0, 2, 1, 2, 3, 1, 4, 5, 1, 4, 4, 5, 5, 5, 5, 3, 2, 2, 6, 0, 1, 3, 0, 4, 6, 3, 6, 4, 2, 0, 6, 2, 6, 0, 5, 0, 0, 6, 0, 5, 0, 4, 1, 3, 2, 3, 5, 1, 2, 6, 6, 6, 4, 3, 4, 1, 1, 5, 5, 4, 4, 0, 6, 2, 4, 5, 4, 2, 1, 5, 4, 5, 2, 0, 2, 4, 2, 6, 1, 3, 0, 2, 5, 2, 4, 5, 4, 0, 2, 5, 0, 3, 6, 1, 6, 3, 0, 1, 5, 6, 3, 3, 1, 6, 6, 0, 3, 4, 0, 5, 1, 2, 4, 4, 2, 3, 1, 5, 6, 2, 5, 6, 2, 1, 5, 5, 6, 0, 0, 2, 3, 5, 0, 0]
Min fitness: -1167
Mean fitness: -47.44
Stdev of fitness: 260.196169072
Mean diversity: 92.4
=========================================

Generation 100
Max fitness: 295
Genome of Most Fit Individual:[5, 2, 2, 3, 1, 6, 1, 2, 0, 2, 1, 3, 2, 2, 5, 0, 0, 4, 1, 1, 4, 2, 4, 3, 2, 5, 6, 1, 6, 4, 3, 6, 5, 0, 1, 0, 0, 5, 3, 4, 3, 2, 0, 5, 2, 3, 5, 3, 5, 1, 3, 4, 6, 6, 3, 4, 2, 6, 3, 4, 3, 2, 5, 2, 4, 5, 4, 5, 4, 2, 5, 4, 4, 4, 2, 0, 3, 3, 5, 5, 1, 6, 5, 6, 3, 2, 2, 2, 5, 1, 0, 6, 4, 4, 2, 6, 4, 0, 0, 3, 1, 2, 4, 2, 3, 2, 6, 3, 4, 2, 0, 1, 2, 1, 1, 1, 4, 1, 4, 6, 5, 4, 5, 4, 3, 2, 2, 6, 0, 6, 3, 1, 4, 6, 1, 6, 0, 5, 0, 1, 2, 5, 3, 5, 0, 0, 6, 1, 1, 0, 4, 1, 3, 2, 1, 5, 1, 2, 6, 6, 2, 4, 3, 4, 6, 6, 6, 0, 3, 4, 5, 6, 4, 2, 5, 1, 3, 0, 2, 4, 4, 6, 0, 3, 0, 2, 3, 6, 4, 5, 3, 1, 2, 3, 3, 0, 6, 6, 0, 3, 1, 5, 4, 3, 3, 4, 1, 5, 6, 6, 1, 2, 6, 3, 6, 3, 2, 6, 2, 1, 1, 6, 4, 2, 3, 1, 5, 3, 2, 5, 0, 0, 5, 6, 5, 6, 6, 0, 0, 2, 3, 4, 1]
Min fitness: -1506
Mean fitness: -32.62
Stdev of fitness: 459.016116928
Mean diversity: 115.0
=========================================

Generation 120
Max fitness: 257
Genome of Most Fit Individual:[5, 0, 2, 3, 4, 0, 2, 4, 6, 5, 3, 0, 1, 5, 5, 5, 6, 2, 4, 3, 4, 4, 4, 2, 1, 5, 6, 2, 2, 4, 3, 2, 0, 1, 1, 1, 0, 1, 2, 4, 3, 0, 2, 4, 5, 6, 5, 1, 5, 4, 4, 4, 4, 2, 3, 3, 3, 3, 4, 3, 3, 4, 1, 1, 0, 5, 0, 2, 6, 2, 6, 4, 4, 0, 5, 0, 3, 3, 5, 1, 6, 6, 4, 6, 3, 6, 5, 4, 2, 5, 0, 2, 6, 5, 1, 2, 1, 6, 6, 6, 5, 2, 6, 2, 0, 5, 1, 3, 4, 2, 1, 5, 5, 5, 3, 6, 5, 6, 3, 0, 5, 5, 5, 4, 4, 2, 2, 4, 2, 0, 2, 6, 4, 3, 5, 6, 2, 2, 5, 6, 2, 0, 0, 0, 0, 5, 3, 1, 1, 0, 4, 1, 1, 5, 1, 5, 1, 4, 1, 6, 2, 5, 3, 1, 2, 0, 4, 4, 0, 4, 5, 6, 4, 2, 4, 5, 2, 1, 2, 4, 6, 2, 6, 0, 2, 3, 3, 6, 6, 1, 4, 1, 3, 4, 6, 4, 1, 6, 1, 0, 3, 2, 6, 1, 0, 0, 1, 1, 6, 0, 5, 1, 1, 5, 1, 3, 1, 0, 5, 2, 5, 6, 0, 2, 3, 0, 5, 1, 6, 5, 0, 3, 3, 2, 3, 4, 1, 3, 6, 0, 6, 4, 6]
Min fitness: -783
Mean fitness: -9.36
Stdev of fitness: 203.294934516
Mean diversity: 92.0
=========================================

Generation 140
Max fitness: 220
Genome of Most Fit Individual:[5, 4, 3, 3, 4, 2, 2, 1, 2, 4, 3, 0, 5, 3, 5, 5, 0, 1, 4, 3, 0, 1, 4, 2, 1, 5, 6, 4, 2, 4, 2, 2, 0, 1, 2, 5, 4, 3, 1, 6, 5, 0, 1, 0, 5, 2, 5, 6, 1, 4, 4, 4, 4, 2, 3, 5, 3, 2, 4, 3, 5, 4, 1, 2, 0, 1, 5, 2, 6, 2, 6, 4, 4, 0, 5, 0, 5, 4, 1, 1, 6, 6, 5, 6, 3, 3, 5, 4, 4, 0, 3, 2, 5, 1, 0, 2, 6, 6, 5, 2, 5, 2, 4, 4, 2, 5, 1, 3, 3, 2, 1, 4, 5, 5, 3, 6, 5, 4, 3, 3, 1, 6, 3, 4, 4, 2, 3, 4, 2, 0, 5, 2, 1, 3, 5, 2, 2, 2, 5, 6, 6, 0, 4, 0, 0, 5, 3, 1, 1, 0, 6, 1, 4, 2, 5, 5, 1, 2, 0, 5, 2, 5, 1, 2, 1, 0, 4, 4, 5, 1, 5, 6, 4, 1, 1, 4, 2, 3, 2, 3, 6, 1, 0, 6, 2, 1, 6, 5, 3, 5, 1, 2, 1, 4, 3, 1, 0, 5, 5, 3, 1, 4, 0, 0, 4, 1, 4, 2, 2, 3, 3, 3, 5, 4, 2, 3, 1, 0, 5, 0, 5, 5, 2, 2, 0, 1, 1, 6, 2, 0, 6, 1, 2, 4, 5, 4, 3, 2, 6, 5, 6, 0, 4]
Min fitness: -1862
Mean fitness: -251.6
Stdev of fitness: 492.87158571
Mean diversity: 108.0
=========================================

Generation 160
Max fitness: 257
Genome of Most Fit Individual:[5, 4, 3, 3, 4, 2, 2, 1, 2, 3, 3, 0, 2, 5, 5, 5, 0, 1, 4, 0, 0, 6, 4, 1, 1, 0, 2, 4, 2, 3, 2, 2, 0, 1, 3, 1, 3, 3, 0, 6, 1, 3, 3, 0, 4, 2, 5, 6, 1, 4, 2, 1, 1, 2, 3, 0, 3, 4, 3, 3, 1, 6, 0, 2, 1, 1, 5, 3, 6, 2, 2, 4, 4, 0, 5, 1, 5, 4, 1, 1, 4, 6, 6, 2, 3, 3, 5, 4, 6, 0, 1, 1, 5, 4, 6, 2, 6, 6, 1, 6, 3, 4, 6, 3, 1, 5, 1, 6, 0, 1, 5, 3, 4, 5, 3, 3, 1, 4, 2, 6, 5, 5, 2, 4, 4, 0, 2, 4, 6, 0, 6, 6, 2, 0, 4, 6, 3, 2, 6, 4, 2, 0, 0, 0, 0, 5, 5, 1, 6, 0, 0, 1, 0, 5, 5, 3, 4, 4, 3, 4, 2, 1, 3, 2, 1, 0, 3, 4, 2, 4, 6, 3, 4, 2, 4, 3, 1, 3, 2, 4, 6, 2, 3, 4, 5, 2, 3, 6, 6, 0, 1, 3, 5, 3, 1, 3, 6, 3, 4, 6, 5, 1, 6, 0, 4, 1, 4, 4, 6, 3, 0, 3, 2, 6, 2, 4, 1, 2, 5, 6, 6, 3, 6, 2, 5, 3, 4, 6, 0, 2, 4, 1, 5, 3, 6, 2, 5, 6, 6, 1, 6, 0, 6]
Min fitness: -298
Mean fitness: 37.8
Stdev of fitness: 114.331273062
Mean diversity: 91.8
=========================================

Generation 180
Max fitness: 266
Genome of Most Fit Individual:[5, 4, 3, 3, 6, 2, 2, 1, 2, 3, 3, 5, 2, 0, 4, 5, 0, 1, 4, 3, 5, 6, 2, 4, 1, 0, 1, 2, 3, 3, 2, 5, 0, 2, 6, 1, 3, 3, 3, 6, 3, 3, 3, 4, 3, 2, 0, 4, 5, 3, 5, 3, 1, 2, 3, 4, 3, 4, 5, 1, 3, 6, 0, 1, 0, 1, 0, 2, 0, 0, 2, 5, 4, 0, 2, 5, 5, 4, 4, 4, 4, 6, 6, 2, 1, 3, 5, 4, 0, 2, 1, 4, 5, 4, 6, 2, 2, 4, 2, 2, 4, 2, 5, 3, 1, 4, 3, 5, 2, 1, 3, 3, 4, 1, 1, 4, 5, 0, 2, 6, 1, 5, 2, 6, 4, 0, 2, 4, 4, 3, 6, 3, 5, 2, 2, 4, 3, 5, 5, 4, 2, 1, 0, 6, 0, 5, 1, 0, 6, 2, 0, 1, 6, 5, 5, 2, 4, 4, 3, 0, 2, 1, 3, 2, 5, 0, 6, 4, 2, 6, 6, 3, 5, 3, 5, 3, 0, 4, 2, 4, 4, 5, 3, 2, 0, 0, 0, 5, 6, 0, 4, 3, 5, 5, 3, 6, 4, 3, 2, 2, 3, 3, 0, 0, 5, 1, 4, 2, 3, 3, 1, 4, 0, 1, 6, 6, 5, 1, 6, 4, 0, 0, 4, 2, 5, 3, 2, 3, 0, 1, 1, 2, 5, 5, 0, 1, 0, 3, 4, 4, 3, 2, 4]
Min fitness: -1516
Mean fitness: -53.04
Stdev of fitness: 336.234677569
Mean diversity: 76.8
=========================================

Generation 200
Max fitness: 46
Genome of Most Fit Individual:[4, 3, 3, 5, 5, 2, 4, 3, 2, 4, 6, 1, 2, 2, 0, 0, 5, 6, 3, 0, 3, 5, 0, 4, 4, 1, 2, 4, 6, 4, 4, 1, 0, 2, 2, 1, 2, 5, 6, 1, 6, 2, 0, 6, 2, 2, 5, 6, 5, 6, 5, 6, 0, 3, 2, 2, 5, 4, 3, 4, 0, 4, 5, 0, 0, 1, 0, 5, 6, 3, 0, 5, 4, 3, 0, 3, 5, 4, 3, 3, 6, 6, 3, 6, 2, 3, 5, 4, 0, 6, 3, 5, 0, 0, 1, 0, 2, 2, 2, 0, 4, 2, 3, 6, 1, 3, 0, 6, 5, 0, 0, 2, 1, 3, 1, 3, 1, 5, 5, 6, 5, 6, 2, 0, 0, 3, 0, 0, 4, 1, 1, 2, 2, 1, 4, 6, 3, 2, 5, 4, 2, 0, 0, 1, 0, 5, 6, 0, 3, 6, 5, 2, 5, 0, 4, 1, 6, 2, 1, 4, 2, 0, 1, 0, 2, 3, 5, 6, 4, 4, 6, 4, 6, 1, 6, 4, 1, 1, 2, 5, 2, 2, 6, 5, 1, 5, 3, 6, 1, 4, 0, 4, 3, 5, 3, 6, 4, 4, 3, 3, 6, 6, 0, 6, 5, 1, 4, 2, 3, 2, 4, 1, 5, 3, 3, 1, 5, 1, 6, 2, 6, 6, 6, 5, 0, 4, 2, 2, 2, 5, 1, 2, 5, 0, 6, 1, 2, 2, 6, 1, 4, 2, 4]
Min fitness: -1168
Mean fitness: -120.94
Stdev of fitness: 229.892880273
Mean diversity: 74.0
=========================================

Generation 220
Max fitness: 164
Genome of Most Fit Individual:[5, 0, 1, 1, 0, 2, 5, 2, 2, 0, 0, 0, 5, 6, 1, 2, 0, 5, 4, 2, 2, 3, 0, 5, 1, 1, 3, 1, 1, 5, 2, 4, 3, 2, 0, 3, 6, 2, 6, 5, 6, 6, 4, 0, 4, 2, 5, 2, 3, 6, 0, 3, 1, 4, 2, 6, 6, 4, 5, 2, 5, 0, 6, 2, 1, 2, 4, 4, 4, 4, 5, 6, 3, 2, 5, 6, 5, 0, 0, 3, 5, 6, 3, 3, 0, 5, 5, 3, 4, 0, 5, 0, 4, 3, 6, 0, 3, 4, 2, 2, 2, 4, 2, 3, 6, 3, 1, 3, 2, 2, 2, 2, 3, 1, 2, 3, 3, 5, 5, 1, 3, 3, 4, 3, 5, 6, 3, 6, 4, 3, 1, 3, 2, 0, 4, 2, 2, 3, 4, 6, 2, 5, 0, 4, 0, 6, 5, 1, 3, 4, 5, 1, 6, 6, 5, 1, 1, 0, 1, 0, 5, 2, 3, 1, 1, 4, 2, 6, 1, 1, 2, 4, 4, 1, 4, 1, 0, 0, 2, 4, 4, 2, 0, 4, 5, 6, 2, 2, 5, 0, 2, 3, 3, 4, 5, 2, 3, 2, 3, 6, 3, 3, 0, 2, 5, 1, 5, 2, 4, 6, 0, 6, 1, 0, 0, 4, 4, 0, 6, 2, 6, 2, 3, 5, 4, 2, 0, 2, 6, 2, 1, 3, 5, 3, 2, 6, 1, 5, 3, 5, 4, 2, 4]
Min fitness: -1366
Mean fitness: -161.2
Stdev of fitness: 328.997933124
Mean diversity: 79.6
=========================================

Generation 240
Max fitness: 194
Genome of Most Fit Individual:[5, 2, 2, 3, 3, 5, 5, 2, 2, 0, 0, 0, 5, 6, 4, 2, 4, 0, 4, 2, 6, 2, 0, 5, 1, 1, 6, 0, 0, 1, 6, 4, 5, 2, 1, 3, 6, 2, 0, 5, 6, 6, 4, 0, 1, 6, 3, 2, 2, 6, 6, 3, 1, 4, 2, 3, 6, 0, 2, 2, 2, 2, 3, 2, 0, 5, 1, 4, 0, 5, 5, 6, 3, 0, 5, 1, 0, 3, 1, 3, 5, 6, 6, 5, 4, 4, 5, 5, 5, 0, 4, 3, 5, 3, 6, 1, 3, 2, 2, 2, 2, 0, 4, 4, 1, 0, 1, 3, 2, 2, 2, 3, 1, 1, 2, 2, 3, 5, 6, 6, 3, 6, 4, 3, 5, 6, 1, 6, 3, 5, 1, 6, 6, 4, 4, 2, 2, 3, 6, 2, 2, 5, 0, 2, 0, 6, 5, 3, 0, 1, 5, 3, 6, 6, 5, 6, 4, 3, 4, 4, 5, 5, 5, 1, 0, 3, 1, 4, 4, 3, 5, 4, 0, 1, 3, 4, 4, 4, 0, 6, 3, 2, 1, 4, 5, 6, 3, 6, 2, 3, 4, 4, 6, 0, 3, 5, 2, 2, 0, 6, 3, 3, 3, 0, 4, 3, 0, 0, 2, 2, 3, 6, 3, 4, 4, 2, 4, 4, 4, 1, 6, 2, 3, 5, 4, 4, 6, 2, 1, 0, 4, 1, 0, 0, 4, 5, 1, 6, 3, 5, 5, 5, 4]
Min fitness: -1103
Mean fitness: -142.78
Stdev of fitness: 379.027982608
Mean diversity: 87.4
=========================================

Generation 260
Max fitness: 238
Genome of Most Fit Individual:[5, 4, 2, 3, 6, 5, 5, 4, 2, 4, 0, 0, 4, 0, 6, 6, 4, 0, 4, 2, 2, 5, 1, 1, 1, 1, 3, 0, 1, 1, 5, 4, 6, 2, 1, 3, 1, 4, 1, 1, 1, 2, 5, 4, 0, 4, 6, 2, 4, 3, 6, 6, 0, 4, 4, 6, 5, 0, 2, 2, 5, 6, 1, 2, 4, 1, 4, 4, 6, 5, 0, 4, 3, 0, 0, 6, 4, 4, 2, 3, 1, 6, 0, 6, 3, 6, 5, 5, 1, 0, 5, 3, 0, 0, 6, 2, 1, 6, 5, 4, 2, 0, 5, 3, 1, 0, 5, 3, 2, 2, 0, 6, 1, 4, 2, 2, 3, 6, 5, 6, 3, 5, 3, 3, 6, 6, 6, 6, 4, 3, 4, 0, 0, 3, 3, 6, 6, 3, 6, 4, 2, 6, 0, 3, 5, 2, 6, 4, 2, 4, 5, 3, 1, 0, 6, 4, 1, 0, 3, 3, 2, 2, 5, 2, 1, 3, 6, 6, 3, 4, 5, 2, 0, 1, 2, 2, 6, 2, 1, 6, 4, 0, 1, 3, 3, 6, 3, 1, 6, 3, 6, 0, 1, 3, 3, 0, 6, 2, 5, 6, 3, 6, 0, 0, 4, 3, 0, 0, 5, 4, 0, 6, 3, 0, 2, 2, 4, 6, 4, 1, 1, 5, 4, 4, 4, 2, 3, 3, 1, 0, 5, 6, 5, 4, 4, 5, 0, 0, 2, 0, 4, 3, 6]
Min fitness: -1853
Mean fitness: -95.14
Stdev of fitness: 380.728565254
Mean diversity: 83.6
=========================================

Generation 280
Max fitness: 294
Genome of Most Fit Individual:[5, 4, 2, 3, 6, 1, 1, 4, 2, 4, 0, 3, 3, 0, 4, 6, 4, 0, 4, 1, 6, 3, 1, 1, 1, 1, 3, 0, 1, 5, 4, 0, 6, 2, 5, 3, 1, 4, 1, 6, 1, 2, 5, 4, 6, 4, 6, 2, 0, 6, 6, 6, 0, 2, 4, 0, 3, 0, 1, 2, 3, 6, 6, 2, 2, 1, 5, 0, 6, 5, 0, 5, 3, 4, 1, 6, 4, 6, 2, 3, 0, 6, 2, 6, 3, 3, 5, 5, 1, 3, 5, 3, 0, 0, 5, 6, 1, 6, 4, 1, 4, 0, 5, 3, 0, 3, 5, 3, 2, 5, 6, 5, 5, 0, 1, 4, 1, 6, 5, 6, 3, 5, 2, 3, 6, 6, 0, 1, 6, 6, 4, 0, 0, 3, 3, 6, 1, 3, 6, 2, 2, 4, 1, 6, 5, 4, 1, 6, 1, 4, 0, 3, 3, 4, 4, 4, 4, 2, 6, 5, 3, 2, 0, 4, 1, 4, 6, 6, 3, 3, 2, 3, 5, 6, 2, 6, 1, 1, 3, 5, 1, 3, 3, 0, 3, 6, 5, 1, 0, 4, 3, 2, 6, 2, 6, 5, 4, 6, 0, 6, 4, 3, 3, 6, 4, 4, 0, 6, 6, 5, 6, 6, 1, 0, 2, 2, 4, 6, 4, 2, 4, 2, 2, 5, 2, 3, 5, 5, 4, 0, 5, 2, 5, 3, 2, 1, 5, 1, 2, 3, 1, 3, 4]
Min fitness: -910
Mean fitness: -11.78
Stdev of fitness: 229.334191956
Mean diversity: 91.2
=========================================

Generation 300
Max fitness: 219
Genome of Most Fit Individual:[5, 4, 2, 2, 6, 1, 5, 5, 1, 0, 0, 3, 2, 5, 4, 6, 5, 4, 4, 6, 6, 5, 3, 2, 1, 2, 5, 0, 1, 5, 4, 1, 3, 5, 0, 3, 5, 5, 6, 5, 1, 2, 0, 4, 6, 0, 6, 2, 5, 4, 6, 5, 4, 3, 4, 0, 5, 5, 1, 2, 3, 6, 5, 2, 2, 1, 5, 0, 6, 5, 4, 5, 3, 1, 3, 1, 6, 0, 2, 6, 3, 6, 0, 6, 3, 3, 6, 2, 5, 3, 5, 3, 0, 0, 0, 4, 1, 6, 4, 1, 3, 0, 5, 3, 0, 6, 3, 3, 6, 5, 6, 6, 5, 0, 1, 3, 5, 6, 1, 6, 3, 5, 5, 3, 1, 6, 6, 4, 1, 0, 0, 1, 5, 2, 3, 3, 2, 1, 6, 4, 2, 2, 4, 4, 2, 2, 5, 1, 0, 4, 6, 3, 1, 3, 6, 5, 1, 0, 4, 4, 4, 2, 4, 1, 3, 5, 3, 3, 2, 1, 3, 1, 0, 6, 0, 3, 6, 4, 1, 1, 0, 3, 3, 3, 6, 2, 3, 1, 0, 0, 1, 1, 6, 0, 6, 6, 2, 4, 5, 6, 5, 1, 4, 3, 1, 0, 0, 5, 2, 2, 4, 3, 3, 4, 4, 3, 5, 1, 4, 1, 0, 4, 1, 4, 3, 3, 0, 6, 5, 3, 5, 2, 5, 1, 2, 6, 3, 5, 6, 5, 2, 5, 5]
Min fitness: -1217
Mean fitness: -138.56
Stdev of fitness: 321.219934624
Mean diversity: 95.0
=========================================

Generation 320
Max fitness: 37
Genome of Most Fit Individual:[4, 4, 2, 2, 6, 1, 5, 5, 2, 0, 0, 5, 3, 5, 5, 6, 5, 2, 4, 4, 6, 5, 3, 4, 1, 3, 5, 0, 2, 5, 4, 1, 3, 5, 0, 1, 2, 0, 6, 4, 1, 3, 0, 4, 6, 5, 1, 1, 0, 4, 0, 6, 4, 0, 3, 0, 4, 0, 3, 2, 3, 1, 5, 2, 2, 6, 5, 5, 0, 5, 4, 5, 3, 4, 2, 1, 5, 0, 2, 4, 3, 6, 6, 6, 6, 3, 6, 2, 6, 2, 5, 3, 6, 0, 2, 4, 1, 6, 0, 2, 1, 2, 5, 6, 0, 2, 0, 0, 6, 2, 3, 6, 5, 0, 1, 1, 3, 1, 0, 2, 5, 5, 6, 3, 3, 1, 2, 1, 1, 0, 3, 1, 3, 0, 3, 2, 3, 1, 6, 2, 2, 3, 4, 2, 2, 2, 6, 6, 2, 4, 0, 0, 1, 1, 6, 6, 1, 2, 0, 3, 6, 2, 4, 1, 0, 2, 0, 1, 0, 0, 1, 4, 2, 0, 1, 5, 6, 3, 1, 1, 3, 5, 6, 3, 0, 0, 3, 1, 0, 6, 4, 1, 0, 0, 5, 2, 4, 4, 1, 6, 4, 1, 4, 3, 4, 6, 0, 2, 5, 3, 0, 3, 4, 4, 4, 5, 1, 1, 0, 4, 3, 0, 0, 4, 6, 4, 3, 0, 4, 6, 5, 6, 5, 0, 0, 4, 4, 5, 2, 6, 2, 4, 5]
Min fitness: -1858
Mean fitness: -135.86
Stdev of fitness: 346.906846862
Mean diversity: 64.4
=========================================

Generation 340
Max fitness: 54
Genome of Most Fit Individual:[1, 4, 2, 2, 6, 1, 4, 5, 0, 2, 0, 5, 6, 6, 4, 4, 2, 4, 0, 6, 1, 3, 5, 4, 1, 5, 2, 0, 3, 5, 4, 6, 3, 5, 0, 1, 2, 5, 5, 6, 6, 0, 0, 4, 6, 0, 1, 0, 2, 1, 4, 5, 1, 3, 2, 6, 2, 2, 2, 2, 0, 6, 5, 2, 2, 1, 5, 0, 6, 3, 3, 4, 0, 6, 1, 3, 5, 0, 2, 6, 4, 6, 5, 6, 4, 3, 3, 6, 5, 3, 6, 1, 0, 5, 5, 4, 6, 6, 6, 1, 1, 3, 2, 6, 5, 3, 2, 5, 6, 5, 6, 6, 6, 1, 1, 1, 3, 6, 0, 2, 2, 5, 6, 5, 3, 1, 1, 1, 0, 0, 3, 0, 5, 2, 3, 6, 3, 1, 0, 4, 2, 2, 5, 0, 2, 0, 6, 5, 5, 4, 6, 4, 1, 3, 0, 5, 0, 1, 4, 5, 3, 5, 1, 5, 5, 5, 1, 5, 1, 6, 3, 1, 4, 6, 0, 4, 0, 3, 1, 2, 1, 6, 5, 0, 6, 6, 4, 1, 4, 3, 5, 5, 6, 0, 2, 1, 2, 6, 4, 3, 0, 1, 1, 3, 2, 1, 5, 3, 2, 1, 5, 4, 3, 6, 4, 1, 3, 4, 0, 1, 1, 6, 4, 4, 0, 0, 1, 0, 5, 5, 0, 1, 5, 6, 4, 6, 5, 1, 0, 1, 0, 0, 1]
Min fitness: -1088
Mean fitness: -78.9
Stdev of fitness: 182.356272171
Mean diversity: 123.0
=========================================

Generation 360
Max fitness: 250
Genome of Most Fit Individual:[5, 2, 2, 1, 2, 1, 2, 3, 2, 0, 4, 3, 3, 4, 5, 6, 6, 6, 4, 1, 0, 5, 3, 3, 1, 3, 5, 5, 1, 3, 1, 1, 3, 5, 0, 3, 4, 6, 6, 5, 5, 5, 3, 4, 6, 5, 3, 3, 3, 4, 0, 0, 4, 0, 3, 5, 0, 0, 3, 2, 5, 2, 5, 2, 3, 4, 4, 0, 2, 5, 0, 1, 0, 3, 6, 3, 2, 4, 1, 0, 4, 6, 6, 3, 6, 6, 3, 1, 4, 1, 4, 1, 6, 4, 2, 1, 6, 1, 6, 2, 5, 3, 4, 1, 1, 4, 1, 0, 6, 6, 3, 1, 5, 0, 1, 3, 4, 4, 6, 6, 6, 0, 1, 3, 6, 5, 5, 4, 3, 0, 1, 5, 3, 6, 4, 6, 6, 3, 5, 1, 6, 4, 5, 4, 2, 1, 6, 5, 3, 4, 3, 3, 4, 5, 6, 6, 3, 3, 3, 4, 3, 2, 4, 6, 5, 6, 3, 2, 0, 4, 3, 6, 1, 3, 1, 4, 1, 5, 6, 2, 6, 0, 5, 2, 6, 5, 5, 5, 5, 4, 4, 3, 1, 5, 2, 2, 4, 4, 0, 1, 6, 1, 4, 3, 1, 1, 3, 3, 6, 3, 1, 6, 3, 4, 6, 3, 0, 5, 0, 4, 3, 4, 2, 0, 4, 3, 4, 4, 1, 1, 0, 1, 1, 6, 6, 6, 0, 5, 0, 4, 2, 0, 4]
Min fitness: -1786
Mean fitness: -72.32
Stdev of fitness: 451.48047311
Mean diversity: 72.4
=========================================

Generation 380
Max fitness: 255
Genome of Most Fit Individual:[5, 2, 2, 1, 0, 2, 2, 3, 0, 2, 5, 6, 3, 4, 5, 3, 6, 6, 4, 5, 6, 3, 3, 3, 1, 3, 6, 6, 1, 3, 3, 1, 1, 6, 0, 3, 4, 4, 6, 4, 1, 5, 3, 4, 5, 5, 3, 4, 3, 4, 0, 0, 4, 4, 3, 5, 0, 0, 3, 1, 6, 2, 5, 1, 3, 1, 0, 0, 2, 5, 0, 4, 5, 3, 6, 3, 2, 4, 0, 0, 4, 6, 6, 2, 6, 1, 4, 6, 0, 3, 0, 1, 0, 5, 3, 1, 6, 1, 6, 2, 5, 0, 4, 6, 4, 3, 1, 0, 3, 6, 3, 1, 5, 6, 0, 0, 4, 4, 0, 6, 6, 0, 1, 2, 6, 5, 2, 4, 3, 0, 1, 1, 1, 1, 0, 6, 6, 1, 5, 1, 6, 5, 1, 0, 4, 5, 2, 6, 3, 4, 6, 0, 6, 3, 4, 5, 0, 4, 0, 1, 2, 6, 3, 5, 5, 3, 1, 3, 1, 0, 2, 3, 4, 6, 4, 4, 5, 3, 4, 3, 0, 4, 3, 5, 6, 4, 5, 0, 4, 3, 4, 3, 1, 5, 3, 3, 5, 6, 4, 1, 1, 1, 0, 0, 3, 5, 1, 1, 6, 3, 1, 5, 6, 4, 0, 5, 0, 5, 4, 1, 1, 4, 0, 0, 1, 3, 4, 4, 4, 1, 2, 1, 1, 6, 3, 6, 0, 4, 6, 2, 0, 0, 6]
Min fitness: -991
Mean fitness: -88.02
Stdev of fitness: 307.669529853
Mean diversity: 85.8
=========================================

Generation 400
Max fitness: 278
Genome of Most Fit Individual:[5, 2, 2, 6, 0, 5, 2, 3, 2, 2, 5, 6, 3, 3, 5, 3, 2, 6, 4, 4, 1, 5, 5, 3, 1, 3, 3, 2, 1, 3, 3, 6, 1, 6, 0, 3, 4, 4, 6, 0, 3, 5, 3, 0, 5, 1, 3, 5, 0, 4, 1, 0, 4, 4, 3, 6, 4, 6, 1, 5, 5, 6, 3, 6, 2, 0, 4, 2, 2, 5, 5, 4, 5, 3, 4, 6, 5, 4, 0, 0, 6, 6, 6, 6, 6, 0, 4, 4, 0, 3, 0, 1, 5, 4, 3, 1, 3, 1, 6, 2, 3, 2, 1, 6, 6, 6, 5, 0, 3, 6, 3, 1, 3, 6, 0, 0, 2, 6, 0, 0, 6, 0, 2, 3, 6, 2, 2, 4, 5, 0, 1, 1, 1, 1, 4, 6, 0, 1, 5, 1, 1, 2, 5, 0, 6, 5, 2, 6, 3, 4, 6, 6, 2, 3, 4, 3, 6, 4, 6, 3, 2, 2, 4, 5, 5, 0, 3, 6, 5, 5, 2, 0, 4, 2, 3, 0, 5, 3, 3, 3, 0, 4, 3, 4, 6, 0, 5, 3, 4, 4, 4, 3, 5, 1, 3, 1, 0, 6, 4, 1, 4, 2, 2, 0, 6, 1, 1, 2, 3, 2, 3, 1, 1, 3, 0, 6, 1, 5, 4, 0, 1, 0, 6, 6, 6, 4, 4, 4, 4, 5, 4, 3, 1, 1, 5, 4, 0, 4, 4, 3, 2, 4, 5]
Min fitness: -710
Mean fitness: -51.1
Stdev of fitness: 189.169580007
Mean diversity: 87.8
=========================================

Generation 420
Max fitness: 304
Genome of Most Fit Individual:[5, 1, 2, 3, 0, 5, 4, 6, 1, 2, 1, 6, 3, 0, 3, 3, 6, 6, 4, 2, 3, 5, 5, 2, 1, 3, 3, 3, 6, 3, 0, 2, 5, 6, 0, 3, 4, 4, 2, 0, 2, 3, 4, 0, 6, 6, 3, 5, 3, 4, 5, 0, 6, 4, 3, 6, 5, 6, 1, 5, 5, 6, 3, 0, 5, 0, 4, 2, 6, 1, 1, 4, 6, 2, 5, 3, 5, 6, 6, 6, 6, 6, 6, 6, 2, 3, 4, 6, 1, 3, 2, 1, 5, 2, 1, 5, 3, 1, 6, 2, 5, 3, 1, 4, 1, 6, 5, 0, 3, 3, 4, 1, 2, 6, 0, 6, 2, 1, 0, 0, 3, 0, 1, 2, 4, 5, 5, 6, 5, 4, 1, 1, 1, 1, 4, 6, 0, 5, 2, 1, 1, 4, 0, 5, 4, 1, 4, 3, 6, 2, 3, 6, 3, 3, 4, 6, 6, 4, 0, 3, 2, 6, 4, 1, 4, 1, 1, 3, 3, 1, 2, 0, 2, 2, 4, 0, 6, 4, 3, 6, 0, 4, 3, 1, 6, 6, 5, 3, 4, 1, 4, 4, 5, 0, 5, 1, 3, 6, 5, 1, 0, 1, 2, 0, 3, 6, 2, 2, 3, 3, 5, 6, 3, 3, 0, 6, 1, 4, 1, 6, 4, 3, 4, 4, 2, 0, 4, 3, 2, 0, 3, 0, 0, 0, 5, 2, 0, 4, 6, 1, 0, 2, 0]
Min fitness: -754
Mean fitness: -47.76
Stdev of fitness: 268.517676141
Mean diversity: 127.6
=========================================

Generation 440
Max fitness: 237
Genome of Most Fit Individual:[5, 2, 1, 6, 1, 4, 4, 0, 1, 4, 3, 6, 3, 6, 3, 3, 1, 6, 4, 5, 3, 5, 5, 0, 4, 2, 3, 3, 1, 3, 3, 2, 5, 6, 4, 0, 4, 4, 2, 2, 3, 5, 4, 3, 6, 6, 6, 4, 3, 4, 5, 4, 6, 4, 3, 0, 5, 6, 2, 3, 5, 4, 3, 1, 5, 5, 5, 2, 2, 3, 1, 4, 6, 3, 5, 1, 1, 4, 3, 1, 2, 6, 6, 6, 1, 3, 5, 3, 3, 3, 2, 4, 5, 0, 1, 5, 3, 0, 5, 3, 5, 6, 1, 4, 1, 6, 5, 0, 3, 5, 5, 3, 2, 6, 0, 5, 2, 5, 3, 0, 3, 3, 1, 2, 4, 2, 2, 5, 5, 3, 2, 1, 0, 1, 4, 6, 6, 2, 5, 1, 6, 4, 0, 5, 0, 1, 4, 3, 6, 4, 3, 6, 6, 3, 6, 6, 0, 4, 6, 6, 2, 3, 2, 0, 5, 1, 3, 6, 5, 4, 6, 5, 4, 2, 3, 0, 1, 2, 3, 2, 0, 4, 2, 5, 1, 6, 5, 5, 4, 5, 4, 4, 6, 0, 0, 3, 2, 2, 5, 1, 0, 2, 2, 5, 3, 1, 6, 4, 6, 1, 3, 1, 2, 4, 1, 6, 2, 1, 1, 2, 5, 2, 4, 4, 2, 3, 0, 3, 2, 0, 3, 0, 0, 1, 5, 0, 4, 4, 3, 5, 2, 1, 4]
Min fitness: -1264
Mean fitness: -82.84
Stdev of fitness: 347.09568479
Mean diversity: 98.4
=========================================

Generation 460
Max fitness: 263
Genome of Most Fit Individual:[5, 1, 2, 2, 0, 3, 4, 1, 1, 1, 3, 6, 3, 3, 2, 5, 3, 4, 4, 5, 3, 5, 2, 4, 1, 3, 3, 5, 2, 3, 4, 2, 6, 6, 0, 1, 1, 4, 2, 0, 6, 5, 4, 1, 6, 6, 3, 5, 3, 0, 5, 2, 6, 4, 3, 2, 4, 4, 3, 1, 5, 3, 6, 2, 5, 0, 2, 3, 6, 6, 0, 4, 6, 6, 6, 3, 2, 1, 6, 6, 0, 6, 5, 6, 2, 6, 6, 3, 6, 6, 2, 0, 1, 3, 1, 5, 1, 5, 6, 3, 4, 5, 0, 4, 0, 1, 5, 6, 3, 0, 2, 6, 2, 4, 4, 1, 3, 5, 2, 1, 4, 1, 6, 2, 3, 3, 4, 3, 5, 4, 1, 5, 2, 4, 4, 6, 5, 4, 6, 6, 6, 3, 0, 5, 4, 5, 2, 3, 5, 6, 4, 6, 2, 4, 6, 1, 2, 1, 0, 3, 2, 6, 6, 5, 5, 3, 2, 6, 6, 1, 2, 6, 0, 1, 2, 2, 5, 1, 5, 5, 0, 1, 3, 3, 5, 0, 1, 5, 6, 0, 1, 0, 6, 4, 2, 3, 1, 5, 5, 3, 2, 1, 2, 5, 2, 2, 6, 4, 2, 5, 5, 5, 4, 4, 1, 4, 3, 3, 4, 0, 1, 6, 4, 4, 2, 0, 1, 4, 2, 6, 1, 3, 5, 1, 5, 1, 6, 4, 2, 3, 4, 2, 4]
Min fitness: -1621
Mean fitness: -138.16
Stdev of fitness: 382.977824946
Mean diversity: 102.8
=========================================

Generation 480
Max fitness: 279
Genome of Most Fit Individual:[5, 0, 2, 2, 0, 3, 4, 5, 1, 4, 3, 2, 1, 3, 2, 5, 6, 4, 4, 5, 0, 5, 2, 4, 3, 3, 4, 5, 2, 3, 4, 3, 6, 6, 2, 1, 1, 4, 2, 5, 6, 5, 2, 1, 0, 0, 1, 5, 3, 2, 0, 0, 3, 4, 3, 2, 1, 4, 3, 3, 5, 6, 6, 4, 5, 1, 2, 3, 6, 6, 0, 0, 6, 6, 1, 2, 4, 1, 2, 3, 1, 6, 3, 6, 2, 6, 5, 4, 2, 2, 2, 3, 1, 3, 1, 5, 1, 0, 2, 4, 4, 0, 3, 5, 4, 1, 5, 6, 5, 0, 4, 1, 2, 4, 6, 1, 3, 5, 2, 1, 4, 1, 6, 2, 3, 3, 4, 3, 5, 3, 6, 2, 2, 3, 4, 6, 5, 4, 6, 5, 6, 3, 6, 5, 4, 2, 2, 3, 5, 6, 2, 0, 0, 5, 2, 3, 4, 6, 0, 2, 3, 2, 4, 5, 3, 1, 0, 5, 5, 4, 5, 1, 4, 2, 6, 1, 3, 4, 3, 6, 6, 3, 5, 6, 2, 2, 5, 3, 2, 4, 5, 0, 6, 2, 3, 6, 5, 6, 0, 5, 5, 5, 6, 5, 2, 2, 6, 5, 2, 5, 3, 5, 6, 4, 6, 6, 0, 3, 4, 4, 3, 6, 4, 5, 1, 3, 1, 4, 0, 0, 5, 4, 6, 4, 1, 6, 4, 1, 6, 0, 5, 5, 4]
Min fitness: -970
Mean fitness: -67.18
Stdev of fitness: 206.218979728
Mean diversity: 111.4
=========================================

Generation 500
Max fitness: 270
Genome of Most Fit Individual:[5, 0, 2, 2, 4, 1, 4, 5, 1, 5, 3, 2, 1, 3, 2, 6, 2, 4, 4, 3, 0, 4, 2, 4, 4, 3, 4, 5, 2, 3, 4, 4, 2, 0, 0, 1, 4, 4, 2, 5, 6, 5, 2, 0, 0, 0, 1, 5, 0, 2, 0, 5, 1, 0, 3, 4, 6, 4, 1, 5, 5, 6, 6, 4, 3, 1, 2, 3, 6, 6, 4, 0, 1, 5, 5, 4, 4, 6, 2, 2, 0, 6, 3, 6, 4, 1, 6, 0, 6, 2, 1, 3, 1, 6, 1, 3, 4, 0, 2, 6, 6, 0, 2, 5, 4, 1, 6, 5, 2, 4, 4, 3, 3, 4, 5, 1, 1, 5, 2, 1, 1, 6, 6, 2, 2, 3, 3, 0, 5, 6, 6, 2, 1, 3, 4, 6, 5, 3, 0, 0, 3, 4, 6, 2, 4, 1, 2, 3, 6, 3, 4, 2, 6, 5, 6, 2, 2, 3, 5, 3, 1, 0, 4, 1, 4, 6, 2, 4, 6, 0, 1, 1, 4, 4, 3, 5, 6, 5, 4, 0, 6, 3, 0, 6, 1, 2, 5, 5, 5, 4, 5, 0, 1, 4, 3, 4, 2, 0, 1, 5, 1, 2, 6, 5, 5, 3, 1, 4, 2, 4, 4, 5, 0, 5, 5, 4, 2, 3, 0, 3, 1, 3, 3, 3, 3, 2, 5, 4, 0, 1, 3, 0, 3, 5, 1, 2, 0, 1, 6, 5, 5, 4, 2]
Min fitness: -918
Mean fitness: -63.06
Stdev of fitness: 236.030880183
Mean diversity: 71.4
=========================================

Generation 520
Max fitness: 159
Genome of Most Fit Individual:[5, 0, 2, 2, 0, 1, 4, 4, 1, 1, 3, 6, 2, 3, 2, 5, 2, 4, 4, 3, 0, 3, 2, 3, 4, 3, 6, 6, 0, 5, 4, 6, 2, 0, 2, 1, 4, 4, 2, 5, 6, 4, 6, 0, 0, 6, 2, 5, 0, 6, 0, 5, 1, 2, 3, 4, 6, 4, 1, 5, 5, 6, 3, 0, 3, 1, 3, 0, 6, 6, 4, 0, 1, 4, 5, 2, 6, 5, 2, 6, 0, 6, 3, 1, 4, 3, 6, 0, 6, 1, 2, 1, 4, 6, 3, 3, 4, 0, 5, 6, 6, 0, 6, 5, 4, 1, 0, 5, 2, 4, 4, 5, 4, 4, 5, 1, 1, 6, 5, 1, 1, 2, 0, 0, 2, 3, 5, 0, 4, 6, 6, 2, 1, 1, 4, 6, 5, 3, 0, 4, 3, 4, 6, 2, 4, 2, 4, 4, 6, 3, 4, 2, 6, 2, 6, 6, 2, 4, 5, 2, 1, 0, 2, 0, 5, 1, 1, 2, 5, 3, 6, 4, 4, 3, 4, 4, 0, 3, 3, 0, 1, 2, 4, 6, 3, 2, 6, 3, 2, 6, 1, 4, 5, 4, 5, 3, 2, 3, 4, 2, 0, 4, 6, 4, 0, 5, 0, 2, 4, 6, 2, 5, 1, 5, 6, 5, 3, 4, 3, 0, 4, 0, 4, 4, 3, 1, 3, 4, 6, 1, 3, 4, 5, 0, 1, 6, 4, 2, 6, 5, 1, 2, 6]
Min fitness: -1098
Mean fitness: -147.96
Stdev of fitness: 301.879443487
Mean diversity: 86.2
=========================================

Generation 540
Max fitness: 276
Genome of Most Fit Individual:[5, 0, 2, 2, 0, 1, 4, 4, 1, 1, 3, 5, 2, 3, 2, 5, 2, 4, 4, 3, 0, 3, 1, 5, 4, 3, 1, 4, 4, 6, 4, 3, 2, 3, 5, 2, 1, 0, 2, 5, 6, 4, 6, 0, 0, 6, 6, 6, 0, 6, 5, 1, 1, 2, 3, 4, 6, 4, 1, 5, 1, 6, 3, 0, 3, 6, 3, 0, 1, 6, 3, 5, 1, 6, 5, 6, 5, 5, 0, 6, 0, 6, 3, 6, 4, 3, 2, 0, 4, 3, 2, 6, 0, 1, 3, 4, 1, 0, 5, 2, 6, 2, 4, 0, 4, 1, 5, 5, 2, 4, 4, 5, 1, 1, 5, 3, 1, 6, 5, 4, 1, 6, 0, 3, 2, 4, 3, 0, 1, 0, 6, 2, 4, 3, 1, 6, 5, 4, 0, 4, 3, 4, 6, 2, 4, 2, 6, 4, 6, 3, 1, 0, 6, 5, 6, 1, 2, 2, 2, 2, 1, 1, 2, 1, 5, 5, 1, 2, 4, 4, 6, 4, 0, 6, 6, 2, 0, 3, 0, 4, 1, 2, 0, 2, 3, 2, 5, 6, 2, 2, 6, 1, 1, 3, 1, 5, 4, 0, 1, 5, 2, 4, 5, 5, 1, 4, 1, 2, 4, 2, 4, 3, 6, 1, 2, 0, 4, 4, 0, 5, 5, 6, 2, 4, 0, 1, 4, 2, 2, 2, 5, 3, 4, 4, 1, 6, 4, 2, 6, 5, 2, 2, 6]
Min fitness: -1583
Mean fitness: -82.98
Stdev of fitness: 391.96441114
Mean diversity: 110.8
=========================================

Generation 560
Max fitness: 283
Genome of Most Fit Individual:[5, 0, 2, 2, 0, 5, 4, 5, 1, 1, 2, 6, 2, 3, 5, 2, 3, 4, 4, 1, 0, 3, 6, 2, 4, 4, 1, 5, 5, 2, 6, 0, 1, 5, 5, 2, 2, 0, 2, 5, 6, 6, 6, 4, 0, 6, 4, 6, 3, 6, 0, 1, 1, 2, 3, 6, 6, 0, 1, 6, 6, 6, 3, 6, 3, 1, 0, 0, 1, 5, 3, 5, 4, 0, 5, 6, 5, 5, 0, 0, 0, 6, 5, 6, 6, 3, 6, 0, 5, 3, 2, 6, 0, 2, 0, 4, 2, 0, 2, 0, 6, 2, 4, 5, 4, 3, 5, 5, 2, 4, 4, 5, 6, 1, 5, 3, 1, 6, 5, 4, 1, 2, 0, 1, 2, 4, 2, 5, 3, 2, 0, 3, 1, 3, 0, 6, 6, 3, 1, 4, 6, 0, 6, 2, 5, 2, 6, 1, 6, 3, 1, 0, 4, 5, 2, 1, 6, 1, 3, 6, 1, 0, 2, 5, 5, 1, 6, 4, 0, 5, 6, 2, 6, 4, 5, 1, 0, 3, 3, 0, 6, 0, 1, 1, 5, 3, 3, 4, 2, 2, 6, 2, 1, 1, 1, 0, 6, 4, 1, 2, 2, 6, 5, 1, 1, 4, 0, 1, 0, 2, 4, 4, 6, 5, 2, 0, 4, 4, 3, 3, 5, 6, 4, 4, 5, 1, 4, 0, 2, 1, 3, 6, 4, 4, 1, 6, 5, 6, 1, 1, 0, 1, 6]
Min fitness: -1869
Mean fitness: -125.82
Stdev of fitness: 446.029222809
Mean diversity: 158.2
=========================================

Generation 580
Max fitness: 302
Genome of Most Fit Individual:[5, 0, 2, 2, 0, 2, 4, 6, 1, 4, 2, 6, 2, 5, 5, 2, 3, 5, 4, 1, 0, 0, 0, 0, 1, 4, 1, 6, 1, 1, 1, 2, 4, 5, 5, 2, 2, 0, 2, 3, 2, 6, 2, 1, 6, 6, 1, 6, 3, 6, 6, 4, 1, 2, 3, 6, 1, 0, 1, 4, 6, 6, 3, 6, 3, 1, 0, 3, 1, 0, 3, 6, 4, 0, 5, 6, 5, 4, 6, 2, 0, 6, 1, 6, 6, 6, 3, 6, 5, 1, 2, 6, 0, 2, 4, 6, 1, 5, 2, 4, 1, 1, 4, 5, 6, 3, 5, 5, 1, 3, 4, 1, 4, 6, 5, 2, 1, 1, 0, 4, 1, 2, 0, 0, 6, 4, 2, 5, 3, 2, 0, 5, 1, 3, 1, 6, 3, 0, 0, 1, 3, 0, 5, 2, 6, 2, 3, 4, 3, 1, 1, 0, 3, 4, 6, 3, 3, 4, 2, 1, 1, 2, 2, 2, 4, 3, 2, 5, 4, 5, 6, 2, 1, 4, 6, 1, 4, 1, 3, 0, 6, 5, 4, 5, 4, 3, 3, 0, 2, 3, 6, 1, 3, 3, 5, 4, 0, 6, 0, 5, 6, 6, 4, 5, 2, 4, 6, 2, 0, 5, 6, 1, 3, 1, 2, 1, 0, 4, 3, 5, 5, 5, 2, 3, 1, 5, 1, 2, 1, 0, 5, 0, 3, 5, 2, 1, 2, 5, 5, 5, 6, 2, 0]
Min fitness: -1185
Mean fitness: 12.64
Stdev of fitness: 334.643856062
Mean diversity: 102.6
=========================================

Generation 600
Max fitness: 302
Genome of Most Fit Individual:[5, 6, 2, 5, 0, 5, 1, 5, 6, 5, 2, 2, 2, 0, 5, 0, 4, 5, 4, 3, 4, 5, 2, 4, 1, 4, 1, 1, 2, 2, 1, 0, 0, 5, 0, 4, 2, 0, 3, 2, 6, 5, 2, 4, 2, 3, 0, 5, 2, 6, 0, 6, 2, 2, 3, 4, 1, 5, 1, 6, 6, 3, 2, 3, 2, 1, 3, 0, 3, 0, 3, 5, 0, 0, 5, 6, 5, 5, 0, 1, 0, 6, 5, 6, 0, 3, 4, 0, 5, 6, 1, 4, 0, 5, 2, 4, 2, 4, 5, 2, 1, 5, 4, 5, 6, 1, 5, 5, 4, 5, 4, 0, 4, 5, 5, 2, 6, 6, 0, 4, 5, 3, 2, 3, 4, 3, 2, 6, 3, 2, 1, 6, 1, 2, 0, 6, 6, 0, 5, 3, 6, 0, 1, 2, 2, 5, 1, 1, 3, 6, 5, 5, 4, 5, 2, 2, 5, 2, 5, 4, 2, 0, 5, 4, 1, 2, 6, 1, 6, 5, 2, 5, 6, 3, 3, 0, 4, 2, 1, 2, 5, 0, 5, 1, 5, 6, 1, 4, 3, 3, 6, 1, 3, 3, 0, 2, 2, 6, 1, 5, 6, 4, 0, 5, 5, 6, 6, 2, 4, 6, 3, 6, 6, 1, 1, 0, 0, 1, 1, 5, 3, 0, 4, 3, 4, 0, 2, 5, 5, 1, 4, 4, 1, 0, 5, 5, 3, 2, 6, 6, 0, 2, 6]
Min fitness: -994
Mean fitness: -97.28
Stdev of fitness: 327.815804378
Mean diversity: 77.4
=========================================

Generation 620
Max fitness: 294
Genome of Most Fit Individual:[5, 6, 2, 3, 3, 4, 1, 5, 2, 5, 1, 2, 2, 3, 5, 4, 2, 5, 4, 1, 3, 0, 5, 5, 4, 5, 1, 3, 2, 2, 3, 0, 3, 2, 4, 1, 2, 4, 3, 3, 2, 1, 6, 4, 6, 3, 0, 5, 2, 3, 6, 3, 2, 4, 3, 6, 1, 1, 1, 6, 6, 1, 3, 6, 2, 5, 1, 4, 3, 5, 0, 5, 5, 3, 5, 3, 3, 1, 5, 0, 0, 6, 5, 6, 2, 3, 4, 6, 5, 5, 6, 6, 0, 5, 1, 0, 2, 3, 5, 6, 3, 5, 1, 6, 1, 1, 5, 6, 4, 3, 4, 5, 4, 4, 4, 6, 2, 4, 0, 5, 6, 2, 6, 1, 3, 1, 4, 5, 3, 0, 0, 0, 1, 2, 1, 6, 6, 1, 4, 3, 6, 1, 0, 0, 5, 5, 1, 4, 6, 3, 5, 6, 5, 5, 1, 0, 3, 1, 3, 1, 2, 2, 3, 1, 0, 5, 1, 1, 0, 5, 1, 5, 6, 5, 2, 3, 0, 1, 3, 1, 5, 0, 5, 4, 6, 2, 1, 5, 2, 3, 4, 6, 6, 1, 1, 4, 2, 4, 1, 3, 6, 4, 0, 0, 5, 1, 3, 3, 5, 0, 3, 3, 6, 5, 6, 3, 4, 5, 4, 1, 5, 4, 4, 4, 0, 2, 2, 4, 1, 3, 4, 6, 1, 4, 1, 1, 4, 2, 6, 5, 0, 4, 6]
Min fitness: -943
Mean fitness: -105.94
Stdev of fitness: 323.548723379
Mean diversity: 126.0
=========================================

Generation 640
Max fitness: 285
Genome of Most Fit Individual:[5, 3, 2, 3, 3, 1, 1, 0, 2, 2, 1, 2, 2, 2, 5, 3, 6, 5, 4, 1, 3, 5, 5, 5, 6, 5, 1, 3, 1, 3, 3, 0, 2, 2, 4, 1, 6, 5, 3, 3, 2, 6, 6, 1, 6, 3, 0, 5, 2, 1, 6, 3, 2, 4, 3, 3, 0, 1, 1, 1, 6, 1, 0, 6, 4, 5, 5, 6, 2, 4, 1, 6, 0, 3, 5, 3, 3, 1, 5, 0, 2, 6, 4, 6, 2, 3, 4, 5, 5, 6, 3, 4, 0, 5, 1, 0, 2, 1, 6, 2, 5, 5, 1, 6, 4, 1, 6, 6, 1, 3, 4, 4, 4, 4, 4, 6, 2, 3, 0, 5, 6, 2, 6, 1, 5, 0, 4, 5, 3, 0, 0, 0, 1, 2, 1, 6, 6, 0, 5, 3, 6, 4, 0, 1, 5, 3, 1, 1, 6, 3, 2, 4, 1, 0, 4, 5, 5, 2, 3, 1, 6, 1, 3, 6, 3, 1, 1, 1, 0, 5, 1, 3, 2, 2, 2, 3, 4, 1, 3, 5, 2, 5, 0, 1, 5, 5, 2, 4, 3, 3, 0, 2, 2, 1, 6, 2, 1, 2, 0, 0, 4, 4, 1, 4, 6, 5, 6, 0, 4, 6, 3, 5, 4, 4, 6, 3, 5, 3, 1, 5, 4, 0, 5, 2, 4, 1, 5, 3, 2, 6, 0, 2, 5, 4, 2, 6, 1, 4, 6, 6, 5, 2, 6]
Min fitness: -1950
Mean fitness: -125.3
Stdev of fitness: 403.97352636
Mean diversity: 127.4
=========================================

Generation 660
Max fitness: 270
Genome of Most Fit Individual:[5, 3, 2, 5, 3, 0, 1, 6, 5, 2, 4, 4, 2, 2, 5, 6, 6, 5, 4, 4, 3, 5, 5, 5, 6, 1, 1, 6, 4, 2, 3, 5, 2, 4, 4, 1, 2, 5, 5, 3, 1, 6, 6, 5, 6, 3, 5, 4, 6, 1, 0, 3, 3, 3, 3, 3, 0, 2, 2, 1, 6, 5, 0, 0, 4, 4, 5, 6, 6, 3, 3, 1, 2, 6, 5, 3, 3, 1, 5, 0, 2, 6, 4, 6, 2, 3, 4, 5, 5, 5, 2, 2, 3, 5, 6, 4, 0, 1, 6, 2, 5, 5, 5, 6, 4, 5, 5, 6, 3, 3, 5, 4, 4, 2, 5, 6, 2, 3, 5, 5, 4, 2, 4, 1, 4, 5, 4, 4, 3, 0, 0, 2, 1, 0, 0, 3, 6, 5, 6, 3, 6, 6, 0, 0, 5, 6, 4, 3, 6, 1, 4, 4, 5, 6, 2, 5, 5, 2, 3, 1, 0, 0, 3, 2, 6, 5, 6, 5, 0, 6, 0, 0, 0, 2, 4, 4, 4, 1, 1, 6, 2, 0, 4, 1, 5, 4, 1, 4, 0, 3, 0, 5, 1, 0, 1, 2, 5, 1, 1, 1, 4, 4, 4, 5, 3, 1, 4, 0, 2, 1, 4, 3, 3, 5, 5, 2, 1, 3, 1, 0, 1, 0, 4, 3, 4, 4, 3, 6, 5, 6, 6, 2, 5, 2, 1, 6, 1, 6, 6, 3, 0, 4, 4]
Min fitness: -627
Mean fitness: 118.6
Stdev of fitness: 140.955312067
Mean diversity: 112.6
=========================================

Generation 680
Max fitness: 293
Genome of Most Fit Individual:[5, 0, 2, 5, 2, 0, 1, 6, 2, 0, 4, 4, 2, 6, 5, 6, 3, 5, 4, 4, 3, 0, 5, 1, 3, 2, 5, 6, 4, 6, 3, 3, 2, 4, 4, 4, 2, 5, 5, 3, 1, 2, 6, 0, 3, 5, 5, 5, 6, 1, 0, 4, 3, 3, 3, 3, 0, 2, 2, 1, 1, 5, 0, 0, 3, 2, 5, 6, 6, 3, 4, 1, 2, 6, 2, 6, 1, 1, 5, 6, 2, 6, 5, 6, 3, 3, 5, 6, 5, 5, 2, 2, 3, 6, 1, 4, 6, 0, 4, 3, 5, 5, 5, 6, 6, 5, 2, 6, 3, 3, 3, 4, 4, 2, 5, 6, 2, 3, 5, 3, 4, 6, 1, 1, 4, 5, 0, 3, 2, 0, 0, 1, 1, 6, 1, 6, 6, 5, 2, 3, 6, 6, 0, 0, 1, 5, 6, 3, 6, 2, 3, 4, 3, 6, 2, 5, 4, 5, 3, 2, 0, 0, 3, 3, 6, 5, 6, 0, 3, 6, 2, 5, 0, 2, 5, 6, 1, 1, 3, 6, 2, 1, 4, 1, 5, 3, 1, 1, 5, 3, 5, 5, 5, 0, 5, 2, 5, 3, 4, 5, 5, 4, 3, 3, 5, 6, 6, 4, 0, 5, 2, 6, 0, 5, 4, 6, 6, 0, 4, 2, 2, 0, 4, 2, 0, 3, 2, 6, 5, 1, 4, 0, 5, 2, 2, 0, 0, 0, 0, 1, 2, 2, 3]
Min fitness: -1190
Mean fitness: -111.68
Stdev of fitness: 409.797337229
Mean diversity: 99.6
=========================================

Generation 700
Max fitness: 299
Genome of Most Fit Individual:[5, 0, 2, 5, 3, 2, 1, 1, 2, 4, 4, 4, 5, 4, 5, 2, 5, 5, 4, 3, 3, 0, 0, 3, 5, 5, 3, 1, 2, 6, 6, 3, 6, 0, 4, 2, 0, 5, 5, 0, 1, 2, 6, 0, 3, 3, 4, 3, 6, 5, 0, 0, 3, 2, 3, 3, 0, 2, 6, 1, 5, 5, 0, 0, 3, 0, 2, 6, 4, 1, 4, 1, 2, 6, 2, 4, 5, 1, 1, 5, 2, 6, 5, 6, 3, 3, 1, 4, 5, 5, 2, 2, 0, 6, 1, 4, 6, 4, 2, 3, 4, 5, 5, 3, 6, 5, 6, 6, 1, 3, 3, 0, 2, 6, 6, 6, 0, 3, 5, 6, 4, 5, 1, 1, 4, 0, 1, 0, 2, 5, 5, 5, 0, 1, 1, 6, 6, 5, 2, 1, 6, 6, 0, 4, 1, 1, 6, 3, 6, 1, 4, 0, 4, 1, 2, 5, 5, 2, 1, 0, 4, 1, 3, 4, 6, 5, 4, 3, 3, 2, 5, 2, 0, 5, 5, 4, 6, 1, 5, 6, 3, 4, 4, 6, 5, 3, 6, 3, 5, 3, 0, 5, 5, 4, 5, 2, 3, 5, 3, 5, 6, 5, 4, 2, 1, 5, 6, 5, 4, 3, 2, 6, 6, 1, 6, 2, 6, 3, 2, 6, 1, 6, 4, 2, 1, 6, 1, 1, 4, 2, 6, 6, 1, 4, 3, 5, 2, 6, 3, 6, 2, 2, 6]
Min fitness: -1112
Mean fitness: 18.46
Stdev of fitness: 346.475696695
Mean diversity: 123.0
=========================================

Generation 720
Max fitness: 295
Genome of Most Fit Individual:[5, 0, 2, 5, 5, 2, 1, 5, 2, 1, 1, 4, 0, 1, 5, 2, 5, 5, 4, 3, 3, 0, 0, 0, 2, 5, 3, 0, 6, 6, 6, 3, 1, 0, 0, 2, 0, 4, 6, 6, 4, 4, 6, 0, 1, 3, 2, 3, 6, 4, 3, 0, 3, 2, 3, 0, 0, 2, 0, 1, 6, 5, 0, 5, 3, 3, 2, 5, 4, 0, 2, 1, 2, 6, 6, 4, 0, 4, 1, 1, 2, 6, 5, 6, 3, 3, 1, 1, 2, 5, 1, 1, 0, 6, 0, 4, 4, 4, 2, 3, 6, 5, 0, 3, 0, 5, 0, 6, 0, 3, 3, 3, 6, 1, 2, 6, 0, 3, 0, 6, 4, 5, 1, 2, 4, 5, 1, 0, 2, 2, 5, 5, 5, 4, 1, 6, 6, 5, 1, 1, 5, 2, 4, 6, 0, 6, 0, 5, 0, 1, 0, 6, 2, 6, 3, 2, 6, 2, 4, 1, 4, 4, 6, 4, 4, 5, 3, 3, 3, 2, 0, 5, 3, 0, 5, 4, 2, 1, 6, 6, 3, 3, 4, 6, 2, 2, 1, 4, 6, 3, 1, 1, 4, 5, 4, 3, 5, 4, 2, 2, 3, 0, 1, 5, 0, 5, 1, 1, 1, 3, 0, 6, 0, 3, 4, 1, 4, 6, 0, 6, 0, 0, 4, 2, 2, 6, 3, 0, 1, 1, 6, 0, 4, 5, 2, 1, 5, 0, 6, 2, 2, 5, 6]
Min fitness: -940
Mean fitness: 29.56
Stdev of fitness: 334.895993407
Mean diversity: 115.6
=========================================

Generation 740
Max fitness: 282
Genome of Most Fit Individual:[5, 4, 2, 5, 3, 4, 1, 1, 1, 3, 6, 0, 1, 0, 3, 2, 5, 2, 4, 5, 3, 6, 0, 4, 0, 1, 3, 1, 2, 4, 4, 0, 6, 0, 4, 0, 5, 5, 1, 0, 1, 1, 6, 2, 3, 2, 2, 3, 6, 5, 1, 2, 3, 2, 3, 3, 0, 2, 6, 1, 5, 0, 0, 0, 5, 4, 0, 5, 1, 0, 4, 6, 6, 5, 5, 6, 2, 4, 1, 0, 0, 6, 1, 6, 3, 4, 4, 4, 3, 0, 5, 4, 1, 6, 5, 0, 6, 2, 2, 3, 3, 0, 5, 3, 0, 3, 6, 6, 1, 1, 0, 3, 1, 5, 5, 6, 6, 3, 6, 2, 2, 5, 5, 6, 4, 0, 2, 4, 2, 6, 3, 5, 6, 4, 1, 6, 6, 6, 2, 1, 5, 4, 4, 5, 0, 6, 0, 4, 6, 1, 5, 6, 2, 6, 4, 3, 3, 4, 5, 5, 6, 1, 6, 3, 6, 5, 1, 0, 5, 3, 4, 1, 3, 2, 6, 1, 0, 1, 4, 0, 3, 1, 0, 6, 6, 3, 1, 0, 6, 3, 0, 5, 4, 6, 3, 2, 1, 4, 6, 2, 3, 0, 1, 6, 2, 5, 4, 1, 1, 6, 1, 6, 0, 4, 5, 2, 1, 5, 1, 2, 1, 6, 3, 0, 2, 3, 1, 4, 1, 2, 1, 1, 1, 4, 2, 6, 5, 0, 5, 2, 2, 1, 3]
Min fitness: -538
Mean fitness: -2.92
Stdev of fitness: 165.426822493
Mean diversity: 72.0
=========================================

Generation 760
Max fitness: 291
Genome of Most Fit Individual:[5, 4, 2, 5, 5, 4, 1, 6, 1, 3, 0, 0, 3, 0, 6, 2, 2, 2, 4, 0, 3, 6, 0, 1, 2, 3, 3, 1, 2, 4, 2, 4, 6, 4, 1, 0, 2, 5, 5, 6, 4, 5, 6, 6, 3, 2, 2, 3, 6, 6, 1, 1, 3, 2, 3, 5, 0, 1, 4, 1, 4, 0, 3, 1, 5, 1, 3, 5, 2, 0, 4, 3, 6, 5, 5, 1, 4, 4, 1, 6, 0, 6, 1, 6, 1, 0, 4, 1, 3, 1, 2, 4, 6, 6, 5, 6, 6, 6, 4, 0, 3, 6, 5, 3, 3, 3, 6, 6, 6, 1, 2, 3, 2, 5, 0, 6, 1, 4, 1, 2, 2, 5, 0, 6, 4, 0, 2, 4, 2, 2, 3, 1, 6, 4, 2, 6, 5, 6, 0, 6, 4, 4, 2, 5, 3, 6, 0, 4, 6, 3, 5, 4, 2, 6, 4, 6, 3, 4, 0, 3, 6, 1, 1, 1, 0, 2, 0, 0, 6, 1, 3, 1, 2, 2, 3, 2, 3, 5, 0, 5, 3, 5, 6, 4, 5, 5, 1, 0, 6, 3, 0, 4, 4, 4, 4, 3, 6, 3, 1, 0, 6, 3, 0, 5, 1, 5, 3, 5, 4, 2, 1, 6, 0, 0, 4, 6, 4, 5, 0, 6, 4, 2, 3, 2, 5, 5, 2, 1, 0, 1, 3, 5, 6, 0, 3, 5, 5, 6, 1, 0, 5, 3, 3]
Min fitness: -1016
Mean fitness: 14.7
Stdev of fitness: 296.092637531
Mean diversity: 97.6
=========================================

Generation 780
Max fitness: 284
Genome of Most Fit Individual:[5, 0, 2, 4, 3, 0, 4, 1, 1, 4, 0, 0, 1, 0, 5, 0, 4, 1, 4, 6, 5, 2, 0, 1, 0, 2, 5, 1, 2, 4, 3, 0, 4, 2, 4, 2, 1, 5, 3, 4, 0, 2, 0, 6, 6, 2, 1, 6, 6, 5, 1, 3, 1, 2, 3, 1, 5, 2, 5, 4, 3, 4, 0, 2, 4, 4, 0, 6, 2, 4, 4, 0, 6, 1, 5, 1, 4, 3, 2, 0, 3, 6, 2, 6, 3, 3, 2, 1, 3, 0, 5, 4, 0, 3, 6, 6, 6, 2, 2, 1, 6, 0, 5, 6, 2, 6, 6, 6, 2, 1, 4, 0, 1, 0, 5, 4, 1, 5, 3, 2, 4, 5, 5, 6, 2, 0, 2, 2, 4, 3, 2, 5, 6, 3, 3, 6, 5, 5, 3, 6, 4, 2, 4, 5, 4, 0, 0, 1, 2, 3, 5, 4, 0, 3, 2, 4, 3, 6, 3, 2, 2, 1, 1, 4, 1, 0, 6, 3, 5, 1, 0, 5, 6, 0, 6, 4, 5, 1, 5, 6, 6, 1, 3, 4, 1, 4, 3, 0, 2, 5, 4, 2, 4, 6, 0, 3, 2, 6, 3, 1, 6, 0, 3, 4, 1, 4, 3, 2, 0, 3, 2, 2, 3, 4, 4, 0, 1, 5, 1, 4, 0, 2, 5, 6, 6, 6, 0, 2, 6, 1, 0, 5, 4, 4, 6, 1, 5, 4, 5, 3, 2, 5, 4]
Min fitness: -879
Mean fitness: 12.72
Stdev of fitness: 234.514651141
Mean diversity: 84.8
=========================================

Generation 800
Max fitness: 143
Genome of Most Fit Individual:[5, 1, 2, 0, 2, 6, 0, 6, 5, 3, 3, 6, 2, 0, 4, 0, 4, 4, 5, 6, 4, 6, 6, 1, 4, 5, 3, 2, 1, 2, 4, 5, 6, 6, 6, 5, 4, 0, 2, 1, 2, 1, 0, 0, 4, 2, 3, 4, 4, 6, 1, 1, 0, 2, 3, 3, 2, 1, 3, 6, 2, 6, 0, 5, 2, 5, 1, 5, 3, 1, 4, 0, 4, 1, 2, 6, 5, 0, 1, 0, 1, 6, 5, 6, 1, 3, 2, 2, 1, 0, 3, 2, 3, 0, 6, 0, 0, 1, 4, 0, 0, 2, 0, 3, 3, 4, 6, 4, 2, 5, 4, 1, 4, 5, 5, 0, 1, 4, 6, 3, 3, 5, 5, 6, 2, 0, 2, 2, 1, 3, 0, 6, 5, 6, 1, 3, 5, 0, 3, 4, 6, 4, 4, 0, 1, 5, 0, 4, 6, 2, 3, 2, 1, 3, 5, 3, 2, 2, 5, 1, 5, 4, 3, 0, 0, 5, 0, 0, 3, 1, 3, 2, 1, 3, 6, 0, 2, 6, 4, 6, 4, 4, 2, 1, 5, 6, 2, 0, 2, 5, 1, 2, 3, 3, 6, 2, 1, 2, 3, 1, 3, 2, 2, 2, 2, 4, 2, 4, 1, 0, 5, 1, 6, 4, 2, 0, 0, 5, 1, 4, 3, 4, 3, 3, 0, 1, 2, 2, 0, 0, 5, 2, 2, 4, 2, 1, 6, 0, 3, 2, 6, 5, 3]
Min fitness: -647
Mean fitness: -48.5
Stdev of fitness: 167.191058373
Mean diversity: 77.4
=========================================

Generation 820
Max fitness: 186
Genome of Most Fit Individual:[5, 1, 2, 5, 0, 4, 5, 4, 5, 4, 5, 3, 4, 0, 4, 1, 4, 5, 5, 1, 6, 6, 6, 1, 5, 5, 3, 5, 3, 0, 5, 6, 4, 6, 4, 1, 4, 4, 2, 0, 6, 3, 5, 0, 4, 6, 3, 4, 0, 4, 0, 2, 3, 2, 3, 4, 2, 6, 3, 2, 2, 2, 6, 5, 6, 3, 1, 5, 1, 1, 1, 3, 4, 1, 6, 6, 0, 0, 1, 5, 1, 6, 6, 6, 2, 3, 5, 1, 2, 4, 3, 3, 2, 0, 3, 0, 2, 4, 3, 6, 1, 2, 5, 0, 2, 2, 6, 4, 5, 5, 3, 5, 1, 4, 5, 2, 5, 0, 6, 0, 3, 5, 5, 6, 2, 0, 2, 2, 1, 3, 0, 0, 5, 3, 5, 6, 6, 6, 0, 5, 2, 6, 1, 5, 0, 5, 3, 5, 6, 5, 1, 3, 3, 5, 0, 5, 2, 5, 3, 4, 0, 4, 3, 6, 2, 6, 4, 4, 6, 3, 1, 5, 1, 0, 0, 4, 5, 0, 5, 6, 2, 0, 6, 4, 1, 1, 6, 5, 2, 1, 1, 2, 3, 4, 6, 3, 6, 0, 6, 0, 6, 4, 0, 6, 1, 4, 5, 0, 3, 0, 1, 0, 2, 5, 4, 6, 0, 6, 1, 1, 6, 0, 0, 3, 0, 6, 0, 6, 1, 1, 5, 6, 1, 6, 4, 2, 2, 2, 6, 4, 0, 5, 3]
Min fitness: -1436
Mean fitness: -146.66
Stdev of fitness: 362.597330933
Mean diversity: 87.6
=========================================

Generation 840
Max fitness: 212
Genome of Most Fit Individual:[5, 1, 2, 5, 0, 1, 1, 4, 5, 4, 4, 3, 4, 0, 5, 1, 4, 5, 5, 1, 0, 3, 4, 1, 5, 5, 5, 2, 3, 6, 5, 6, 4, 6, 4, 1, 4, 4, 0, 0, 6, 3, 5, 1, 4, 1, 3, 1, 3, 6, 4, 2, 3, 0, 3, 0, 2, 6, 3, 3, 3, 2, 0, 6, 5, 0, 1, 5, 1, 6, 1, 3, 3, 1, 6, 4, 1, 2, 6, 2, 1, 6, 6, 6, 2, 0, 2, 3, 2, 4, 3, 3, 2, 0, 3, 0, 2, 4, 3, 1, 1, 2, 2, 0, 6, 2, 6, 4, 5, 1, 3, 5, 0, 4, 6, 4, 5, 0, 6, 0, 6, 5, 5, 6, 2, 0, 2, 1, 6, 2, 0, 5, 2, 5, 0, 4, 2, 2, 6, 4, 3, 5, 6, 1, 1, 6, 0, 6, 2, 5, 2, 6, 0, 6, 1, 5, 2, 5, 3, 4, 2, 0, 3, 0, 6, 6, 6, 5, 6, 3, 4, 4, 3, 0, 0, 1, 3, 4, 0, 2, 4, 4, 1, 4, 4, 5, 5, 4, 2, 1, 4, 4, 5, 2, 5, 1, 5, 6, 3, 1, 0, 6, 5, 4, 5, 1, 1, 0, 2, 3, 3, 6, 4, 4, 0, 0, 1, 5, 6, 4, 1, 4, 3, 3, 0, 6, 3, 2, 2, 1, 3, 2, 0, 5, 3, 2, 5, 0, 6, 1, 0, 5, 3]
Min fitness: -984
Mean fitness: -68.88
Stdev of fitness: 247.856542379
Mean diversity: 78.8
=========================================

Generation 860
Max fitness: 240
Genome of Most Fit Individual:[5, 1, 2, 5, 4, 1, 1, 1, 5, 4, 5, 3, 4, 0, 5, 1, 4, 5, 5, 1, 1, 3, 3, 6, 1, 5, 5, 2, 3, 1, 5, 1, 4, 6, 4, 1, 4, 4, 0, 1, 6, 3, 5, 1, 4, 2, 2, 1, 3, 2, 4, 6, 5, 0, 3, 0, 6, 6, 2, 5, 1, 2, 6, 2, 5, 0, 1, 5, 1, 1, 1, 3, 3, 1, 6, 5, 1, 2, 6, 2, 1, 6, 6, 6, 1, 0, 2, 3, 2, 4, 6, 6, 5, 0, 1, 0, 5, 4, 0, 1, 2, 2, 2, 2, 6, 2, 1, 4, 4, 1, 3, 5, 0, 1, 6, 6, 5, 2, 6, 0, 6, 5, 5, 1, 4, 0, 3, 1, 6, 5, 0, 4, 2, 5, 0, 6, 2, 5, 4, 4, 3, 0, 2, 1, 1, 6, 0, 6, 2, 5, 2, 6, 6, 6, 1, 5, 4, 4, 5, 0, 4, 0, 3, 2, 3, 6, 4, 1, 0, 3, 4, 4, 3, 0, 0, 1, 5, 2, 5, 6, 3, 0, 0, 4, 3, 4, 0, 5, 5, 6, 4, 0, 4, 2, 6, 3, 6, 6, 0, 2, 3, 5, 4, 5, 2, 4, 4, 2, 0, 0, 4, 4, 2, 5, 4, 2, 1, 5, 4, 3, 2, 3, 0, 3, 2, 0, 4, 4, 5, 4, 4, 2, 3, 5, 1, 3, 5, 2, 3, 3, 0, 5, 1]
Min fitness: -1024
Mean fitness: -42.92
Stdev of fitness: 309.453895758
Mean diversity: 104.0
=========================================

Generation 880
Max fitness: 286
Genome of Most Fit Individual:[5, 2, 2, 5, 4, 1, 1, 1, 5, 6, 1, 3, 4, 3, 5, 4, 6, 5, 4, 5, 4, 3, 3, 2, 1, 5, 3, 2, 5, 1, 5, 1, 4, 5, 0, 1, 4, 4, 2, 1, 2, 3, 3, 3, 1, 2, 3, 1, 1, 2, 4, 3, 5, 1, 3, 1, 0, 5, 0, 5, 1, 4, 4, 0, 5, 0, 1, 5, 1, 1, 1, 5, 4, 6, 6, 5, 1, 5, 0, 4, 0, 6, 4, 6, 5, 0, 2, 2, 2, 4, 4, 3, 3, 1, 1, 0, 2, 4, 0, 1, 2, 5, 4, 0, 6, 3, 4, 4, 4, 1, 3, 5, 4, 0, 6, 6, 5, 3, 1, 0, 6, 3, 5, 1, 2, 2, 3, 1, 1, 2, 0, 4, 2, 5, 0, 6, 3, 5, 4, 3, 0, 2, 6, 3, 2, 4, 5, 4, 1, 0, 0, 6, 3, 1, 0, 3, 3, 2, 4, 3, 2, 1, 3, 6, 0, 4, 6, 3, 4, 3, 3, 6, 1, 1, 1, 0, 2, 0, 1, 4, 3, 0, 1, 0, 1, 2, 0, 4, 5, 6, 4, 5, 3, 4, 5, 1, 0, 0, 4, 0, 0, 4, 2, 5, 2, 0, 4, 3, 5, 5, 2, 6, 2, 1, 3, 5, 1, 3, 2, 4, 2, 3, 1, 6, 5, 3, 3, 5, 1, 1, 1, 4, 0, 5, 0, 6, 1, 2, 5, 2, 4, 5, 6]
Min fitness: -885
Mean fitness: 33.4
Stdev of fitness: 249.903261283
Mean diversity: 86.8
=========================================

Generation 900
Max fitness: 308
Genome of Most Fit Individual:[5, 5, 2, 5, 3, 1, 1, 1, 5, 6, 4, 3, 5, 3, 5, 4, 0, 5, 4, 5, 4, 0, 5, 2, 5, 1, 3, 2, 5, 2, 6, 3, 4, 5, 0, 1, 2, 4, 4, 2, 3, 3, 1, 3, 3, 2, 3, 6, 1, 2, 4, 0, 5, 5, 3, 4, 0, 5, 6, 5, 1, 4, 2, 0, 2, 4, 1, 5, 1, 1, 2, 5, 4, 1, 5, 2, 0, 2, 6, 4, 0, 6, 0, 6, 5, 0, 2, 4, 3, 1, 4, 3, 3, 1, 5, 0, 2, 2, 1, 1, 3, 5, 0, 0, 6, 3, 4, 0, 4, 1, 4, 5, 0, 0, 6, 1, 1, 2, 1, 0, 6, 3, 5, 1, 2, 2, 6, 1, 5, 2, 6, 6, 2, 5, 1, 6, 3, 5, 0, 5, 2, 0, 4, 3, 4, 0, 3, 6, 1, 5, 2, 6, 1, 6, 5, 5, 4, 2, 3, 3, 2, 4, 5, 6, 5, 2, 1, 6, 0, 5, 5, 2, 1, 2, 4, 1, 1, 0, 5, 5, 0, 6, 1, 0, 1, 2, 2, 1, 0, 4, 4, 5, 3, 4, 5, 6, 0, 0, 5, 0, 0, 4, 6, 6, 2, 0, 1, 6, 0, 3, 0, 0, 2, 5, 4, 5, 0, 2, 5, 4, 3, 1, 2, 4, 6, 5, 3, 5, 2, 3, 5, 1, 4, 5, 2, 1, 0, 3, 6, 1, 4, 5, 6]
Min fitness: -989
Mean fitness: -80.7
Stdev of fitness: 341.155404471
Mean diversity: 82.2
=========================================

Generation 920
Max fitness: 232
Genome of Most Fit Individual:[5, 5, 2, 5, 4, 4, 1, 1, 5, 6, 4, 6, 3, 3, 0, 2, 0, 4, 4, 2, 6, 0, 5, 2, 4, 6, 0, 6, 5, 2, 4, 3, 6, 5, 0, 1, 6, 2, 4, 2, 5, 3, 1, 3, 6, 4, 6, 0, 1, 2, 0, 0, 4, 3, 3, 4, 6, 0, 6, 5, 1, 4, 2, 0, 2, 4, 1, 5, 5, 1, 2, 6, 4, 6, 5, 1, 1, 2, 6, 0, 0, 6, 6, 6, 5, 0, 6, 6, 3, 1, 4, 0, 3, 1, 5, 3, 4, 2, 1, 1, 5, 5, 0, 0, 6, 3, 5, 0, 4, 3, 5, 0, 0, 4, 3, 1, 5, 2, 0, 0, 2, 1, 5, 1, 4, 6, 6, 1, 4, 2, 5, 6, 6, 3, 6, 6, 0, 5, 4, 5, 0, 0, 4, 2, 4, 0, 3, 6, 1, 5, 6, 6, 1, 6, 5, 5, 4, 0, 3, 3, 4, 4, 2, 6, 1, 6, 2, 3, 0, 5, 5, 2, 1, 0, 4, 0, 5, 0, 5, 2, 5, 1, 1, 0, 6, 4, 2, 2, 0, 5, 4, 0, 3, 2, 1, 5, 5, 5, 4, 0, 5, 4, 2, 5, 5, 2, 0, 5, 2, 0, 5, 4, 2, 0, 4, 1, 3, 5, 2, 1, 5, 3, 2, 4, 5, 5, 0, 5, 2, 1, 0, 1, 3, 5, 3, 1, 5, 5, 6, 0, 4, 6, 6]
Min fitness: -1133
Mean fitness: -176.2
Stdev of fitness: 295.77180393
Mean diversity: 82.6
=========================================

Generation 940
Max fitness: 262
Genome of Most Fit Individual:[5, 3, 2, 0, 6, 1, 1, 3, 1, 4, 4, 3, 5, 4, 5, 3, 0, 5, 5, 5, 1, 3, 5, 3, 4, 4, 4, 1, 5, 2, 6, 0, 4, 6, 6, 2, 0, 2, 4, 2, 3, 3, 5, 2, 1, 0, 2, 4, 5, 2, 0, 3, 0, 5, 3, 4, 2, 5, 6, 3, 3, 4, 5, 5, 2, 4, 1, 4, 1, 5, 2, 0, 5, 4, 3, 4, 4, 2, 6, 5, 0, 6, 2, 6, 0, 4, 1, 5, 0, 3, 4, 2, 4, 5, 2, 1, 2, 6, 1, 1, 3, 3, 6, 5, 6, 3, 5, 3, 0, 1, 0, 0, 1, 4, 6, 1, 6, 4, 6, 3, 0, 3, 5, 2, 3, 3, 4, 3, 5, 3, 2, 6, 6, 6, 3, 6, 2, 4, 5, 0, 2, 0, 4, 6, 4, 0, 2, 6, 2, 0, 6, 5, 2, 0, 6, 0, 3, 2, 6, 3, 4, 5, 3, 1, 5, 3, 1, 3, 5, 2, 0, 6, 1, 2, 6, 5, 6, 3, 5, 6, 1, 6, 5, 4, 2, 3, 3, 6, 0, 0, 4, 6, 3, 0, 6, 2, 5, 6, 6, 6, 4, 4, 0, 3, 5, 2, 1, 3, 2, 1, 5, 4, 2, 0, 5, 3, 5, 5, 6, 1, 6, 2, 5, 2, 2, 0, 2, 4, 2, 0, 0, 3, 3, 0, 4, 5, 5, 1, 3, 0, 0, 2, 0]
Min fitness: -1021
Mean fitness: -28.02
Stdev of fitness: 195.492044851
Mean diversity: 108.8
=========================================

Generation 960
Max fitness: 179
Genome of Most Fit Individual:[5, 6, 2, 0, 3, 1, 1, 3, 1, 4, 4, 3, 5, 1, 5, 5, 0, 5, 0, 0, 4, 0, 5, 3, 0, 6, 6, 6, 3, 2, 1, 0, 4, 6, 6, 4, 0, 2, 0, 4, 3, 5, 1, 2, 1, 0, 2, 3, 6, 2, 0, 5, 6, 5, 3, 4, 2, 5, 6, 1, 4, 4, 5, 5, 2, 4, 1, 4, 1, 5, 2, 0, 5, 0, 6, 4, 4, 1, 6, 6, 1, 6, 2, 6, 5, 4, 1, 5, 0, 3, 6, 5, 4, 5, 6, 1, 2, 2, 5, 1, 4, 3, 6, 6, 6, 3, 5, 3, 0, 6, 5, 4, 0, 3, 4, 1, 1, 2, 2, 3, 0, 3, 2, 3, 3, 3, 4, 3, 5, 3, 6, 1, 6, 5, 3, 3, 2, 2, 5, 1, 0, 4, 4, 6, 5, 0, 2, 6, 3, 0, 6, 5, 2, 0, 6, 4, 3, 2, 6, 3, 4, 5, 3, 2, 6, 2, 0, 5, 5, 2, 5, 2, 4, 2, 4, 1, 4, 2, 5, 4, 6, 1, 6, 3, 5, 3, 3, 4, 3, 0, 6, 6, 5, 4, 6, 6, 3, 6, 4, 1, 2, 1, 0, 3, 2, 1, 1, 4, 2, 4, 3, 1, 2, 6, 5, 5, 1, 5, 0, 4, 4, 3, 3, 5, 2, 0, 5, 3, 6, 0, 0, 3, 1, 2, 4, 1, 6, 5, 6, 5, 4, 6, 1]
Min fitness: -787
Mean fitness: -30.74
Stdev of fitness: 172.865937651
Mean diversity: 63.6
=========================================

Generation 980
Max fitness: 265
Genome of Most Fit Individual:[5, 6, 2, 3, 2, 1, 1, 3, 1, 3, 4, 0, 4, 1, 2, 0, 0, 2, 4, 6, 4, 0, 5, 0, 5, 3, 6, 4, 1, 0, 1, 4, 4, 6, 6, 3, 0, 2, 2, 4, 3, 5, 5, 2, 0, 1, 1, 3, 3, 2, 6, 3, 6, 6, 3, 6, 2, 5, 6, 1, 4, 4, 4, 5, 2, 0, 1, 2, 1, 5, 3, 5, 5, 1, 3, 4, 4, 2, 6, 5, 1, 6, 6, 6, 5, 5, 1, 2, 0, 3, 6, 5, 4, 6, 6, 1, 2, 2, 5, 2, 4, 6, 6, 6, 6, 3, 6, 0, 2, 6, 0, 0, 3, 5, 4, 1, 1, 2, 5, 5, 2, 4, 2, 0, 5, 3, 6, 3, 4, 3, 6, 6, 6, 5, 3, 3, 2, 2, 5, 4, 2, 4, 4, 1, 5, 5, 2, 1, 2, 2, 6, 5, 5, 3, 6, 3, 3, 2, 5, 2, 4, 3, 1, 2, 5, 2, 0, 2, 6, 5, 3, 4, 1, 5, 6, 0, 2, 6, 1, 5, 0, 6, 4, 4, 5, 3, 0, 3, 6, 2, 4, 5, 2, 5, 2, 6, 2, 2, 4, 6, 1, 2, 3, 3, 1, 2, 4, 2, 2, 4, 6, 4, 2, 6, 4, 1, 6, 6, 6, 2, 4, 3, 6, 3, 4, 3, 4, 1, 5, 6, 6, 6, 2, 3, 0, 5, 1, 5, 4, 4, 6, 0, 1]
Min fitness: -766
Mean fitness: 55.94
Stdev of fitness: 196.845768052
Mean diversity: 101.0
=========================================

Most selected loci: [81]
Most diverse loci: [45, 166, 181, 215, 219, 222, 226, 237, 238]

Impossible loci: [0, 3, 6, 10, 13, 16, 20, 23, 26, 27, 30, 33, 37, 40, 43, 47, 50, 53, 54, 57, 60, 61, 62, 64, 67, 69, 70, 71, 74, 77, 78, 79, 80, 81, 84, 87, 91, 94, 97, 101, 104, 107, 108, 111, 114, 118, 121, 124, 128, 131, 134, 135, 138, 141, 142, 143, 145, 148, 150, 151, 152, 155, 158, 159, 160, 161, 162, 163, 164, 165, 166, 167, 168, 169, 170, 171, 172, 173, 174, 175, 176, 177, 178, 179, 180, 181, 182, 183, 184, 185, 186, 187, 188, 189, 190, 191, 192, 193, 194, 195, 196, 197, 198, 199, 200, 201, 202, 203, 204, 205, 206, 207, 208, 209, 210, 211, 212, 213, 214, 215, 216, 217, 218, 219, 220, 221, 222, 223, 224, 225, 226, 227, 228, 229, 230, 231, 232, 233, 234, 235, 236, 237, 238, 239, 240, 241, 242]
Loci involving a treasure on the current space: [82, 83, 85, 86, 88, 89, 90, 92, 93, 95, 96, 98, 99, 100, 102, 103, 105, 106, 109, 110, 112, 113, 115, 116, 117, 119, 120, 122, 123, 125, 126, 127, 129, 130, 132, 133, 136, 137, 139, 140, 144, 146, 147, 149, 153, 154, 156, 157]